MIYAZAKI      [MIYA],JP,31.8,131.4656,NaN15,5,WAKAYAMA      [WAKA],JP,34.2153,135.1775,NaN25,5,13100,6.12,31.8,131.4656,30.051383,4.7319,31.80029,131.466024,30.10277,4.8171,31.800579,131.466447,30.15415,4.7756,31.800869,131.466871,30.20553,4.8343,31.801158,131.467295,30.25691,5.2818,31.801448,131.467718,30.30829,5.4262,31.801738,131.468142,30.35967,6.5767,31.802027,131.468566,30.41105,8.1277,31.802317,131.468989,30.46243,6.831,31.802606,131.469413,30.51381,2.8926,31.802896,131.469837,30.56519,0.48785,31.803185,131.470261,30.61657,0,31.803475,131.470684,30.66795,0,31.803765,131.471108,30.71933,0,31.804054,131.471532,30.77071,0,31.804344,131.471955,30.82208,0,31.804633,131.472379,30.87346,0,31.804923,131.472803,30.92484,0,31.805212,131.473226,30.97622,0.15112,31.805502,131.47365,31.0276,0.044625,31.805791,131.474074,31.079,0.2789,31.806081,131.474497,31.1303,0.32168,31.806371,131.474921,31.1817,0.011164,31.80666,131.475345,31.2331,0,31.80695,131.475768,31.2845,0,31.807239,131.476192,31.3358,0,31.807529,131.476616,31.3872,0,31.807818,131.477039,31.4386,0,31.808108,131.477463,31.49,0,31.808397,131.477887,31.5413,0,31.808687,131.478311,31.5927,0,31.808976,131.478734,31.6441,0,31.809266,131.479158,31.6955,0,31.809555,131.479582,31.7468,0,31.809845,131.480005,31.7982,0,31.810134,131.480429,31.8496,0,31.810424,131.480853,31.9009,0,31.810713,131.481276,31.9523,0,31.811003,131.4817,32.0037,0,31.811292,131.482124,32.0551,0,31.811582,131.482547,32.1064,0,31.811871,131.482971,32.1578,0,31.812161,131.483395,32.2092,0,31.81245,131.483818,32.2605,0,31.81274,131.484242,32.3119,0,31.813029,131.484666,32.3633,0,31.813318,131.485089,32.4146,0,31.813608,131.485513,32.466,0,31.813897,131.485937,32.5174,0,31.814187,131.486361,32.5687,0,31.814476,131.486784,32.6201,0,31.814766,131.487208,32.6715,0,31.815055,131.487632,32.7228,0,31.815345,131.488055,32.7742,0,31.815634,131.488479,32.8256,0,31.815923,131.488903,32.8769,0,31.816213,131.489326,32.9283,0,31.816502,131.48975,32.9797,0,31.816792,131.490174,33.031,0,31.817081,131.490597,33.0824,0,31.817371,131.491021,33.1338,0,31.81766,131.491445,33.1851,0,31.817949,131.491868,33.2365,0,31.818239,131.492292,33.2878,0,31.818528,131.492716,33.3392,0,31.818818,131.493139,33.3906,0,31.819107,131.493563,33.4419,0,31.819396,131.493987,33.4933,0,31.819686,131.494411,33.5447,0,31.819975,131.494834,33.596,0,31.820265,131.495258,33.6474,0,31.820554,131.495682,33.6987,0,31.820843,131.496105,33.7501,0,31.821133,131.496529,33.8015,0,31.821422,131.496953,33.8528,0,31.821711,131.497376,33.9042,0,31.822001,131.4978,33.9555,0,31.82229,131.498224,34.0069,0,31.822579,131.498647,34.0582,0,31.822869,131.499071,34.1096,0,31.823158,131.499495,34.161,0,31.823448,131.499918,34.2123,0,31.823737,131.500342,34.2637,0,31.824026,131.500766,34.315,0,31.824316,131.501189,34.3664,0,31.824605,131.501613,34.4177,0,31.824894,131.502037,34.4691,0,31.825184,131.502461,34.5204,0,31.825473,131.502884,34.5718,0,31.825762,131.503308,34.6232,0,31.826052,131.503732,34.6745,0,31.826341,131.504155,34.7259,0,31.82663,131.504579,34.7772,0,31.826919,131.505003,34.8286,0,31.827209,131.505426,34.8799,0,31.827498,131.50585,34.9313,0,31.827787,131.506274,34.9826,0,31.828077,131.506697,35.034,0,31.828366,131.507121,35.0853,0,31.828655,131.507545,35.1367,0,31.828945,131.507968,35.188,0,31.829234,131.508392,35.2394,0,31.829523,131.508816,35.2907,0,31.829812,131.50924,35.3421,0,31.830102,131.509663,35.3934,0,31.830391,131.510087,35.4448,0,31.83068,131.510511,35.4961,0,31.830969,131.510934,35.5475,0,31.831259,131.511358,35.5988,0,31.831548,131.511782,35.6502,0,31.831837,131.512205,35.7015,0,31.832126,131.512629,35.7529,0,31.832416,131.513053,35.8042,0,31.832705,131.513476,35.8556,0,31.832994,131.5139,35.9069,0,31.833283,131.514324,35.9582,0,31.833573,131.514747,36.0096,0,31.833862,131.515171,36.0609,0,31.834151,131.515595,36.1123,0,31.83444,131.516018,36.1636,0,31.83473,131.516442,36.215,0,31.835019,131.516866,36.2663,0,31.835308,131.51729,36.3177,0,31.835597,131.517713,36.369,0,31.835886,131.518137,36.4203,0,31.836176,131.518561,36.4717,0,31.836465,131.518984,36.523,0,31.836754,131.519408,36.5744,0,31.837043,131.519832,36.6257,0,31.837332,131.520255,36.6771,0,31.837622,131.520679,36.7284,0,31.837911,131.521103,36.7797,0,31.8382,131.521526,36.8311,0,31.838489,131.52195,36.8824,0,31.838778,131.522374,36.9338,0,31.839067,131.522797,36.9851,0,31.839357,131.523221,37.0364,0,31.839646,131.523645,37.0878,0,31.839935,131.524068,37.1391,0,31.840224,131.524492,37.1904,0,31.840513,131.524916,37.2418,0,31.840802,131.52534,37.2931,0,31.841092,131.525763,37.3445,0,31.841381,131.526187,37.3958,0,31.84167,131.526611,37.4471,0,31.841959,131.527034,37.4985,0,31.842248,131.527458,37.5498,0,31.842537,131.527882,37.6011,0,31.842826,131.528305,37.6525,0,31.843116,131.528729,37.7038,0,31.843405,131.529153,37.7551,0,31.843694,131.529576,37.8065,0,31.843983,131.53,37.8578,0,31.844272,131.530424,37.9091,0,31.844561,131.530847,37.9605,0,31.84485,131.531271,38.0118,0,31.845139,131.531695,38.0631,0,31.845428,131.532118,38.1145,0,31.845718,131.532542,38.1658,0,31.846007,131.532966,38.2171,0,31.846296,131.53339,38.2685,0,31.846585,131.533813,38.3198,0,31.846874,131.534237,38.3711,0,31.847163,131.534661,38.4225,0,31.847452,131.535084,38.4738,0,31.847741,131.535508,38.5251,0,31.84803,131.535932,38.5764,0,31.848319,131.536355,38.6278,0,31.848608,131.536779,38.6791,0,31.848897,131.537203,38.7304,0,31.849187,131.537626,38.7818,0,31.849476,131.53805,38.8331,0,31.849765,131.538474,38.8844,0,31.850054,131.538897,38.9357,0,31.850343,131.539321,38.9871,0,31.850632,131.539745,39.0384,0,31.850921,131.540168,39.0897,0,31.85121,131.540592,39.141,0,31.851499,131.541016,39.1924,0,31.851788,131.54144,39.2437,0,31.852077,131.541863,39.295,0,31.852366,131.542287,39.3463,0,31.852655,131.542711,39.3977,0,31.852944,131.543134,39.449,0,31.853233,131.543558,39.5003,0,31.853522,131.543982,39.5516,0,31.853811,131.544405,39.603,0,31.8541,131.544829,39.6543,0,31.854389,131.545253,39.7056,0,31.854678,131.545676,39.7569,0,31.854967,131.5461,39.8083,0,31.855256,131.546524,39.8596,0,31.855545,131.546947,39.9109,0,31.855834,131.547371,39.9622,0,31.856123,131.547795,310.0135,0,31.856412,131.548218,310.0649,0,31.856701,131.548642,310.1162,0,31.85699,131.549066,310.1675,0,31.857279,131.54949,310.2188,0,31.857568,131.549913,310.2701,0,31.857857,131.550337,310.3215,0,31.858146,131.550761,310.3728,0,31.858435,131.551184,310.4241,0,31.858724,131.551608,310.4754,0,31.859013,131.552032,310.5267,0,31.859302,131.552455,310.578,0,31.859591,131.552879,310.6294,0,31.859879,131.553303,310.6807,0,31.860168,131.553726,310.732,0,31.860457,131.55415,310.7833,0,31.860746,131.554574,310.8346,0,31.861035,131.554997,310.8859,0,31.861324,131.555421,310.9372,0,31.861613,131.555845,310.9886,0,31.861902,131.556268,311.0399,0,31.862191,131.556692,311.0912,0,31.86248,131.557116,311.1425,0,31.862769,131.55754,311.1938,0,31.863058,131.557963,311.2451,0,31.863347,131.558387,311.2964,0,31.863635,131.558811,311.3478,0,31.863924,131.559234,311.3991,0,31.864213,131.559658,311.4504,0,31.864502,131.560082,311.5017,0,31.864791,131.560505,311.553,0,31.86508,131.560929,311.6043,0,31.865369,131.561353,311.6556,0,31.865658,131.561776,311.7069,0,31.865947,131.5622,311.7582,0,31.866235,131.562624,311.8095,0,31.866524,131.563047,311.8609,0,31.866813,131.563471,311.9122,0,31.867102,131.563895,311.9635,0,31.867391,131.564318,312.0148,0,31.86768,131.564742,312.0661,0,31.867969,131.565166,312.1174,0,31.868257,131.56559,312.1687,0,31.868546,131.566013,312.22,0,31.868835,131.566437,312.2713,0,31.869124,131.566861,312.3226,0,31.869413,131.567284,312.3739,0,31.869702,131.567708,312.4252,0,31.86999,131.568132,312.4765,0,31.870279,131.568555,312.5278,0,31.870568,131.568979,312.5791,0,31.870857,131.569403,312.6304,0,31.871146,131.569826,312.6817,0,31.871435,131.57025,312.7331,0,31.871723,131.570674,312.7844,0,31.872012,131.571097,312.8357,0,31.872301,131.571521,312.887,0,31.87259,131.571945,312.9383,0,31.872879,131.572368,312.9896,0,31.873167,131.572792,313.0409,0,31.873456,131.573216,313.0922,0,31.873745,131.57364,313.1435,0,31.874034,131.574063,313.1948,0,31.874322,131.574487,313.2461,0,31.874611,131.574911,313.2974,0,31.8749,131.575334,313.3487,0,31.875189,131.575758,313.4,0,31.875478,131.576182,313.4513,0,31.875766,131.576605,313.5026,0,31.876055,131.577029,313.5539,0,31.876344,131.577453,313.6052,0,31.876633,131.577876,313.6565,0,31.876921,131.5783,313.7078,0,31.87721,131.578724,313.759,0,31.877499,131.579147,313.8103,0,31.877788,131.579571,313.8616,0,31.878076,131.579995,313.9129,0,31.878365,131.580419,313.9642,0,31.878654,131.580842,314.0155,0,31.878943,131.581266,314.0668,0,31.879231,131.58169,314.1181,0,31.87952,131.582113,314.1694,0,31.879809,131.582537,314.2207,0,31.880097,131.582961,314.272,0,31.880386,131.583384,314.3233,0,31.880675,131.583808,314.3746,0,31.880964,131.584232,314.4259,0,31.881252,131.584655,314.4772,0,31.881541,131.585079,314.5285,0,31.88183,131.585503,314.5798,0,31.882118,131.585926,314.631,0,31.882407,131.58635,314.6823,0,31.882696,131.586774,314.7336,0,31.882984,131.587197,314.7849,0,31.883273,131.587621,314.8362,0,31.883562,131.588045,314.8875,0,31.88385,131.588469,314.9388,0,31.884139,131.588892,314.9901,0,31.884428,131.589316,315.0414,0,31.884716,131.58974,315.0927,0,31.885005,131.590163,315.1439,0,31.885294,131.590587,315.1952,0,31.885582,131.591011,315.2465,0,31.885871,131.591434,315.2978,0,31.88616,131.591858,315.3491,0,31.886448,131.592282,315.4004,0,31.886737,131.592705,315.4517,0,31.887026,131.593129,315.5029,0,31.887314,131.593553,315.5542,0,31.887603,131.593976,315.6055,0,31.887892,131.5944,315.6568,0,31.88818,131.594824,315.7081,0,31.888469,131.595247,315.7594,0,31.888757,131.595671,315.8107,0,31.889046,131.596095,315.8619,0,31.889335,131.596519,315.9132,0,31.889623,131.596942,315.9645,0,31.889912,131.597366,316.0158,0,31.8902,131.59779,316.0671,0,31.890489,131.598213,316.1184,0,31.890778,131.598637,316.1696,0,31.891066,131.599061,316.2209,0,31.891355,131.599484,316.2722,0,31.891643,131.599908,316.3235,0,31.891932,131.600332,316.3748,0,31.892221,131.600755,316.426,0,31.892509,131.601179,316.4773,0,31.892798,131.601603,316.5286,0,31.893086,131.602026,316.5799,0,31.893375,131.60245,316.6312,0,31.893663,131.602874,316.6824,0,31.893952,131.603297,316.7337,0,31.894241,131.603721,316.785,0,31.894529,131.604145,316.8363,0,31.894818,131.604569,316.8875,0,31.895106,131.604992,316.9388,0,31.895395,131.605416,316.9901,0,31.895683,131.60584,317.0414,0,31.895972,131.606263,317.0926,0,31.89626,131.606687,317.1439,0,31.896549,131.607111,317.1952,0,31.896837,131.607534,317.2465,0,31.897126,131.607958,317.2977,0,31.897415,131.608382,317.349,0,31.897703,131.608805,317.4003,0,31.897992,131.609229,317.4516,0,31.89828,131.609653,317.5028,0,31.898569,131.610076,317.5541,0,31.898857,131.6105,317.6054,0,31.899146,131.610924,317.6567,0,31.899434,131.611347,317.7079,0,31.899723,131.611771,317.7592,0,31.900011,131.612195,317.8105,0,31.9003,131.612619,317.8617,0,31.900588,131.613042,317.913,0,31.900877,131.613466,317.9643,0,31.901165,131.61389,318.0156,0,31.901454,131.614313,318.0668,0,31.901742,131.614737,318.1181,0,31.90203,131.615161,318.1694,0,31.902319,131.615584,318.2206,0,31.902607,131.616008,318.2719,0,31.902896,131.616432,318.3232,0,31.903184,131.616855,318.3744,0,31.903473,131.617279,318.4257,0,31.903761,131.617703,318.477,0,31.90405,131.618126,318.5282,0,31.904338,131.61855,318.5795,0,31.904627,131.618974,318.6308,0,31.904915,131.619397,318.682,0,31.905203,131.619821,318.7333,0,31.905492,131.620245,318.7846,0,31.90578,131.620669,318.8358,0,31.906069,131.621092,318.8871,0,31.906357,131.621516,318.9384,0,31.906646,131.62194,318.9896,0,31.906934,131.622363,319.0409,0,31.907222,131.622787,319.0922,0,31.907511,131.623211,319.1434,0,31.907799,131.623634,319.1947,0,31.908088,131.624058,319.2459,0,31.908376,131.624482,319.2972,0,31.908664,131.624905,319.3485,0,31.908953,131.625329,319.3997,0,31.909241,131.625753,319.451,0,31.90953,131.626176,319.5023,0,31.909818,131.6266,319.5535,0,31.910106,131.627024,319.6048,0,31.910395,131.627447,319.656,0,31.910683,131.627871,319.7073,0,31.910972,131.628295,319.7586,0,31.91126,131.628719,319.8098,0,31.911548,131.629142,319.8611,0,31.911837,131.629566,319.9123,0,31.912125,131.62999,319.9636,0,31.912413,131.630413,320.0148,0,31.912702,131.630837,320.0661,0,31.91299,131.631261,320.1174,0,31.913278,131.631684,320.1686,0,31.913567,131.632108,320.2199,0,31.913855,131.632532,320.2711,0,31.914143,131.632955,320.3224,0,31.914432,131.633379,320.3736,0,31.91472,131.633803,320.4249,0,31.915008,131.634226,320.4761,0,31.915297,131.63465,320.5274,0,31.915585,131.635074,320.5787,0,31.915873,131.635497,320.6299,0,31.916162,131.635921,320.6812,0,31.91645,131.636345,320.7324,0,31.916738,131.636769,320.7837,0,31.917027,131.637192,320.8349,0,31.917315,131.637616,320.8862,0,31.917603,131.63804,320.9374,0,31.917892,131.638463,320.9887,0,31.91818,131.638887,321.0399,0,31.918468,131.639311,321.0912,0,31.918756,131.639734,321.1424,0,31.919045,131.640158,321.1937,0,31.919333,131.640582,321.2449,0,31.919621,131.641005,321.2962,0,31.919909,131.641429,321.3474,0,31.920198,131.641853,321.3987,0,31.920486,131.642276,321.4499,0,31.920774,131.6427,321.5012,0,31.921063,131.643124,321.5524,0,31.921351,131.643547,321.6037,0,31.921639,131.643971,321.6549,0,31.921927,131.644395,321.7062,0,31.922216,131.644819,321.7574,0,31.922504,131.645242,321.8087,0,31.922792,131.645666,321.8599,0,31.92308,131.64609,321.9111,0,31.923369,131.646513,321.9624,0,31.923657,131.646937,322.0136,0,31.923945,131.647361,322.0649,0,31.924233,131.647784,322.1161,0,31.924521,131.648208,322.1674,0,31.92481,131.648632,322.2186,0,31.925098,131.649055,322.2699,0,31.925386,131.649479,322.3211,0,31.925674,131.649903,322.3723,0,31.925962,131.650326,322.4236,0,31.926251,131.65075,322.4748,0,31.926539,131.651174,322.5261,0,31.926827,131.651598,322.5773,0,31.927115,131.652021,322.6286,0,31.927403,131.652445,322.6798,0,31.927692,131.652869,322.731,0,31.92798,131.653292,322.7823,0,31.928268,131.653716,322.8335,0,31.928556,131.65414,322.8848,0,31.928844,131.654563,322.936,0,31.929133,131.654987,322.9872,0,31.929421,131.655411,323.0385,0,31.929709,131.655834,323.0897,0,31.929997,131.656258,323.1409,0,31.930285,131.656682,323.1922,0,31.930573,131.657105,323.2434,0,31.930861,131.657529,323.2947,0,31.93115,131.657953,323.3459,0,31.931438,131.658376,323.3971,0,31.931726,131.6588,323.4484,0,31.932014,131.659224,323.4996,0,31.932302,131.659648,323.5508,0,31.93259,131.660071,323.6021,0,31.932878,131.660495,323.6533,0,31.933167,131.660919,323.7045,0,31.933455,131.661342,323.7558,0,31.933743,131.661766,323.807,0,31.934031,131.66219,323.8582,0,31.934319,131.662613,323.9095,0,31.934607,131.663037,323.9607,0,31.934895,131.663461,324.0119,0,31.935183,131.663884,324.0632,0,31.935471,131.664308,324.1144,0,31.93576,131.664732,324.1656,0,31.936048,131.665155,324.2169,0,31.936336,131.665579,324.2681,0,31.936624,131.666003,324.3193,0,31.936912,131.666426,324.3706,0,31.9372,131.66685,324.4218,0,31.937488,131.667274,324.473,0,31.937776,131.667698,324.5243,0,31.938064,131.668121,324.5755,0,31.938352,131.668545,324.6267,0,31.93864,131.668969,324.6779,0,31.938928,131.669392,324.7292,0,31.939216,131.669816,324.7804,0,31.939505,131.67024,324.8316,0,31.939793,131.670663,324.8828,0,31.940081,131.671087,324.9341,0,31.940369,131.671511,324.9853,0,31.940657,131.671934,325.0365,0,31.940945,131.672358,325.0878,0,31.941233,131.672782,325.139,0,31.941521,131.673205,325.1902,0,31.941809,131.673629,325.2414,0,31.942097,131.674053,325.2927,0,31.942385,131.674476,325.3439,0,31.942673,131.6749,325.3951,0,31.942961,131.675324,325.4463,0,31.943249,131.675748,325.4975,0,31.943537,131.676171,325.5488,0,31.943825,131.676595,325.6,0,31.944113,131.677019,325.6512,0,31.944401,131.677442,325.7024,0,31.944689,131.677866,325.7537,0,31.944977,131.67829,325.8049,0,31.945265,131.678713,325.8561,0,31.945553,131.679137,325.9073,0,31.945841,131.679561,325.9585,0,31.946129,131.679984,326.0098,0,31.946417,131.680408,326.061,0,31.946705,131.680832,326.1122,0,31.946993,131.681255,326.1634,0,31.947281,131.681679,326.2146,0,31.947569,131.682103,326.2659,0,31.947857,131.682526,326.3171,0,31.948145,131.68295,326.3683,0,31.948433,131.683374,326.4195,0,31.948721,131.683798,326.4707,0,31.949009,131.684221,326.5219,0,31.949296,131.684645,326.5732,0,31.949584,131.685069,326.6244,0,31.949872,131.685492,326.6756,0,31.95016,131.685916,326.7268,0,31.950448,131.68634,326.778,0,31.950736,131.686763,326.8292,0,31.951024,131.687187,326.8805,0,31.951312,131.687611,326.9317,0,31.9516,131.688034,326.9829,0,31.951888,131.688458,327.0341,0,31.952176,131.688882,327.0853,0,31.952464,131.689305,327.1365,0,31.952752,131.689729,327.1877,0,31.953039,131.690153,327.2389,0,31.953327,131.690576,327.2902,0,31.953615,131.691,327.3414,0,31.953903,131.691424,327.3926,0,31.954191,131.691848,327.4438,0,31.954479,131.692271,327.495,0,31.954767,131.692695,327.5462,0,31.955055,131.693119,327.5974,0,31.955343,131.693542,327.6486,0,31.95563,131.693966,327.6998,0,31.955918,131.69439,327.751,0,31.956206,131.694813,327.8023,0,31.956494,131.695237,327.8535,0,31.956782,131.695661,327.9047,0,31.95707,131.696084,327.9559,0,31.957358,131.696508,328.0071,0,31.957645,131.696932,328.0583,0,31.957933,131.697355,328.1095,0,31.958221,131.697779,328.1607,0,31.958509,131.698203,328.2119,0,31.958797,131.698626,328.2631,0,31.959085,131.69905,328.3143,0,31.959373,131.699474,328.3655,0,31.95966,131.699898,328.4167,0,31.959948,131.700321,328.4679,0,31.960236,131.700745,328.5191,0,31.960524,131.701169,328.5704,0,31.960812,131.701592,328.6216,0,31.961099,131.702016,328.6728,0,31.961387,131.70244,328.724,0,31.961675,131.702863,328.7752,0,31.961963,131.703287,328.8264,0,31.962251,131.703711,328.8776,0,31.962538,131.704134,328.9288,0,31.962826,131.704558,328.98,0,31.963114,131.704982,329.0312,0,31.963402,131.705405,329.0824,0,31.96369,131.705829,329.1336,0,31.963977,131.706253,329.1848,0,31.964265,131.706676,329.236,0,31.964553,131.7071,329.2872,0,31.964841,131.707524,329.3384,0,31.965129,131.707948,329.3896,0,31.965416,131.708371,329.4408,0,31.965704,131.708795,329.492,0,31.965992,131.709219,329.5432,0,31.96628,131.709642,329.5944,0,31.966567,131.710066,329.6456,0,31.966855,131.71049,329.6968,0,31.967143,131.710913,329.748,0,31.967431,131.711337,329.7991,0,31.967718,131.711761,329.8503,0,31.968006,131.712184,329.9015,0,31.968294,131.712608,329.9527,0,31.968581,131.713032,330.0039,0,31.968869,131.713455,330.0551,0,31.969157,131.713879,330.1063,0,31.969445,131.714303,330.1575,0,31.969732,131.714726,330.2087,0,31.97002,131.71515,330.2599,0,31.970308,131.715574,330.3111,0,31.970596,131.715998,330.3623,0,31.970883,131.716421,330.4135,0,31.971171,131.716845,330.4647,0,31.971459,131.717269,330.5159,0,31.971746,131.717692,330.5671,0,31.972034,131.718116,330.6182,0,31.972322,131.71854,330.6694,0,31.972609,131.718963,330.7206,0,31.972897,131.719387,330.7718,0,31.973185,131.719811,330.823,0,31.973472,131.720234,330.8742,0,31.97376,131.720658,330.9254,0,31.974048,131.721082,330.9766,0,31.974335,131.721505,331.0278,0,31.974623,131.721929,331.079,0,31.974911,131.722353,331.1301,0,31.975198,131.722776,331.1813,0,31.975486,131.7232,331.2325,0,31.975774,131.723624,331.2837,0,31.976061,131.724048,331.3349,0,31.976349,131.724471,331.3861,0,31.976637,131.724895,331.4373,0,31.976924,131.725319,331.4884,0,31.977212,131.725742,331.5396,0,31.9775,131.726166,331.5908,0,31.977787,131.72659,331.642,0,31.978075,131.727013,331.6932,0,31.978362,131.727437,331.7444,0,31.97865,131.727861,331.7956,0,31.978938,131.728284,331.8467,0,31.979225,131.728708,331.8979,0,31.979513,131.729132,331.9491,0,31.9798,131.729555,332.0003,0,31.980088,131.729979,332.0515,0,31.980376,131.730403,332.1026,0,31.980663,131.730827,332.1538,0,31.980951,131.73125,332.205,0,31.981238,131.731674,332.2562,0,31.981526,131.732098,332.3074,0,31.981814,131.732521,332.3586,0,31.982101,131.732945,332.4097,0,31.982389,131.733369,332.4609,0,31.982676,131.733792,332.5121,0,31.982964,131.734216,332.5633,0,31.983251,131.73464,332.6144,0,31.983539,131.735063,332.6656,0,31.983827,131.735487,332.7168,0,31.984114,131.735911,332.768,0,31.984402,131.736334,332.8192,0,31.984689,131.736758,332.8703,0,31.984977,131.737182,332.9215,0,31.985264,131.737605,332.9727,0,31.985552,131.738029,333.0239,0,31.985839,131.738453,333.075,0,31.986127,131.738877,333.1262,0,31.986414,131.7393,333.1774,0,31.986702,131.739724,333.2286,0,31.98699,131.740148,333.2797,0,31.987277,131.740571,333.3309,0,31.987565,131.740995,333.3821,0,31.987852,131.741419,333.4333,0,31.98814,131.741842,333.4844,0,31.988427,131.742266,333.5356,0,31.988715,131.74269,333.5868,0,31.989002,131.743113,333.638,0,31.98929,131.743537,333.6891,0,31.989577,131.743961,333.7403,0,31.989865,131.744384,333.7915,0,31.990152,131.744808,333.8426,0,31.99044,131.745232,333.8938,0,31.990727,131.745655,333.945,0,31.991015,131.746079,333.9961,0,31.991302,131.746503,334.0473,0,31.991589,131.746927,334.0985,0,31.991877,131.74735,334.1497,0,31.992164,131.747774,334.2008,0,31.992452,131.748198,334.252,0,31.992739,131.748621,334.3032,0,31.993027,131.749045,334.3543,0,31.993314,131.749469,334.4055,0,31.993602,131.749892,334.4567,0,31.993889,131.750316,334.5078,0,31.994177,131.75074,334.559,0,31.994464,131.751163,334.6102,0,31.994751,131.751587,334.6613,0,31.995039,131.752011,334.7125,0,31.995326,131.752434,334.7637,0,31.995614,131.752858,334.8148,0,31.995901,131.753282,334.866,0,31.996189,131.753705,334.9172,0,31.996476,131.754129,334.9683,0,31.996763,131.754553,335.0195,0,31.997051,131.754977,335.0706,0,31.997338,131.7554,335.1218,0,31.997626,131.755824,335.173,0,31.997913,131.756248,335.2241,0,31.9982,131.756671,335.2753,0,31.998488,131.757095,335.3265,0,31.998775,131.757519,335.3776,0,31.999063,131.757942,335.4288,0,31.99935,131.758366,335.4799,0,31.999637,131.75879,335.5311,0,31.999925,131.759213,335.5823,0,32.000212,131.759637,335.6334,0,32.0005,131.760061,335.6846,0,32.000787,131.760484,335.7357,0,32.001074,131.760908,335.7869,0,32.001362,131.761332,335.8381,0,32.001649,131.761755,335.8892,0,32.001936,131.762179,335.9404,0,32.002224,131.762603,335.9915,0,32.002511,131.763027,336.0427,0,32.002798,131.76345,336.0938,0,32.003086,131.763874,336.145,0,32.003373,131.764298,336.1962,0,32.00366,131.764721,336.2473,0,32.003948,131.765145,336.2985,0,32.004235,131.765569,336.3496,0,32.004522,131.765992,336.4008,0,32.00481,131.766416,336.4519,0,32.005097,131.76684,336.5031,0,32.005384,131.767263,336.5542,0,32.005672,131.767687,336.6054,0,32.005959,131.768111,336.6565,0,32.006246,131.768534,336.7077,0,32.006534,131.768958,336.7588,0,32.006821,131.769382,336.81,0,32.007108,131.769805,336.8612,0,32.007396,131.770229,336.9123,0,32.007683,131.770653,336.9635,0,32.00797,131.771077,337.0146,0,32.008257,131.7715,337.0658,0,32.008545,131.771924,337.1169,0,32.008832,131.772348,337.1681,0,32.009119,131.772771,337.2192,0,32.009407,131.773195,337.2704,0,32.009694,131.773619,337.3215,0,32.009981,131.774042,337.3727,0,32.010268,131.774466,337.4238,0,32.010556,131.77489,337.475,0,32.010843,131.775313,337.5261,0,32.01113,131.775737,337.5772,0,32.011417,131.776161,337.6284,0,32.011705,131.776584,337.6795,0,32.011992,131.777008,337.7307,0,32.012279,131.777432,337.7818,0,32.012566,131.777855,337.833,0,32.012854,131.778279,337.8841,0,32.013141,131.778703,337.9353,0,32.013428,131.779127,337.9864,0,32.013715,131.77955,338.0376,0,32.014003,131.779974,338.0887,0,32.01429,131.780398,338.1398,0,32.014577,131.780821,338.191,0,32.014864,131.781245,338.2421,0,32.015151,131.781669,338.2933,0,32.015439,131.782092,338.3444,0,32.015726,131.782516,338.3956,0,32.016013,131.78294,338.4467,0,32.0163,131.783363,338.4978,0,32.016587,131.783787,338.549,0,32.016875,131.784211,338.6001,0,32.017162,131.784634,338.6513,0,32.017449,131.785058,338.7024,0,32.017736,131.785482,338.7535,0,32.018023,131.785905,338.8047,0,32.01831,131.786329,338.8558,0,32.018598,131.786753,338.907,0,32.018885,131.787177,338.9581,0,32.019172,131.7876,339.0092,0,32.019459,131.788024,339.0604,0,32.019746,131.788448,339.1115,0,32.020033,131.788871,339.1627,0,32.020321,131.789295,339.2138,0,32.020608,131.789719,339.2649,0,32.020895,131.790142,339.3161,0,32.021182,131.790566,339.3672,0,32.021469,131.79099,339.4183,0,32.021756,131.791413,339.4695,0,32.022043,131.791837,339.5206,0,32.022331,131.792261,339.5717,0,32.022618,131.792684,339.6229,0,32.022905,131.793108,339.674,0,32.023192,131.793532,339.7252,0,32.023479,131.793955,339.7763,0,32.023766,131.794379,339.8274,0,32.024053,131.794803,339.8786,0,32.02434,131.795227,339.9297,0,32.024628,131.79565,339.9808,0,32.024915,131.796074,340.0319,0,32.025202,131.796498,340.0831,0,32.025489,131.796921,340.1342,0,32.025776,131.797345,340.1853,0,32.026063,131.797769,340.2365,0,32.02635,131.798192,340.2876,0,32.026637,131.798616,340.3387,0,32.026924,131.79904,340.3899,0,32.027211,131.799463,340.441,0,32.027498,131.799887,340.4921,0,32.027785,131.800311,340.5433,0,32.028073,131.800734,340.5944,0,32.02836,131.801158,340.6455,0,32.028647,131.801582,340.6966,0,32.028934,131.802006,340.7478,0,32.029221,131.802429,340.7989,0,32.029508,131.802853,340.85,0,32.029795,131.803277,340.9011,0,32.030082,131.8037,340.9523,0,32.030369,131.804124,341.0034,0,32.030656,131.804548,341.0545,0,32.030943,131.804971,341.1056,0,32.03123,131.805395,341.1568,0,32.031517,131.805819,341.2079,0,32.031804,131.806242,341.259,0,32.032091,131.806666,341.3101,0,32.032378,131.80709,341.3613,0,32.032665,131.807513,341.4124,0,32.032952,131.807937,341.4635,0,32.033239,131.808361,341.5146,0,32.033526,131.808784,341.5658,0,32.033813,131.809208,341.6169,0,32.0341,131.809632,341.668,0,32.034387,131.810056,341.7191,0,32.034674,131.810479,341.7702,0,32.034961,131.810903,341.8214,0,32.035248,131.811327,341.8725,0,32.035535,131.81175,341.9236,0,32.035822,131.812174,341.9747,0,32.036109,131.812598,342.0258,0,32.036396,131.813021,342.077,0,32.036683,131.813445,342.1281,0,32.03697,131.813869,342.1792,0,32.037257,131.814292,342.2303,0,32.037544,131.814716,342.2814,0,32.037831,131.81514,342.3326,0,32.038118,131.815563,342.3837,0,32.038405,131.815987,342.4348,0,32.038692,131.816411,342.4859,0,32.038979,131.816834,342.537,0,32.039266,131.817258,342.5881,0,32.039553,131.817682,342.6393,0,32.039839,131.818106,342.6904,0,32.040126,131.818529,342.7415,0,32.040413,131.818953,342.7926,0,32.0407,131.819377,342.8437,0,32.040987,131.8198,342.8948,0,32.041274,131.820224,342.9459,0,32.041561,131.820648,342.9971,0,32.041848,131.821071,343.0482,0,32.042135,131.821495,343.0993,0,32.042422,131.821919,343.1504,0,32.042709,131.822342,343.2015,0,32.042996,131.822766,343.2526,0,32.043282,131.82319,343.3037,0,32.043569,131.823613,343.3548,0,32.043856,131.824037,343.406,0,32.044143,131.824461,343.4571,0,32.04443,131.824884,343.5082,0,32.044717,131.825308,343.5593,0,32.045004,131.825732,343.6104,0,32.045291,131.826156,343.6615,0,32.045577,131.826579,343.7126,0,32.045864,131.827003,343.7637,0,32.046151,131.827427,343.8148,0,32.046438,131.82785,343.8659,0,32.046725,131.828274,343.917,0,32.047012,131.828698,343.9682,0,32.047299,131.829121,344.0193,0,32.047585,131.829545,344.0704,0,32.047872,131.829969,344.1215,0,32.048159,131.830392,344.1726,0,32.048446,131.830816,344.2237,0,32.048733,131.83124,344.2748,0,32.04902,131.831663,344.3259,0,32.049307,131.832087,344.377,0,32.049593,131.832511,344.4281,0,32.04988,131.832934,344.4792,0,32.050167,131.833358,344.5303,0,32.050454,131.833782,344.5814,0,32.050741,131.834206,344.6325,0,32.051027,131.834629,344.6836,0,32.051314,131.835053,344.7347,0,32.051601,131.835477,344.7858,0,32.051888,131.8359,344.8369,0,32.052175,131.836324,344.888,0,32.052461,131.836748,344.9391,0,32.052748,131.837171,344.9902,0,32.053035,131.837595,345.0413,0,32.053322,131.838019,345.0924,0,32.053609,131.838442,345.1435,0,32.053895,131.838866,345.1946,0,32.054182,131.83929,345.2457,0,32.054469,131.839713,345.2968,0,32.054756,131.840137,345.3479,0,32.055042,131.840561,345.399,0,32.055329,131.840984,345.4501,0,32.055616,131.841408,345.5012,0,32.055903,131.841832,345.5523,0,32.056189,131.842256,345.6034,0,32.056476,131.842679,345.6545,0,32.056763,131.843103,345.7056,0,32.05705,131.843527,345.7567,0,32.057336,131.84395,345.8078,0,32.057623,131.844374,345.8589,0,32.05791,131.844798,345.91,0,32.058197,131.845221,345.9611,0,32.058483,131.845645,346.0122,0,32.05877,131.846069,346.0633,0,32.059057,131.846492,346.1144,0,32.059343,131.846916,346.1655,0,32.05963,131.84734,346.2166,0,32.059917,131.847763,346.2677,0,32.060204,131.848187,346.3188,0,32.06049,131.848611,346.3698,0,32.060777,131.849034,346.4209,0,32.061064,131.849458,346.472,0,32.06135,131.849882,346.5231,0,32.061637,131.850306,346.5742,0,32.061924,131.850729,346.6253,0,32.06221,131.851153,346.6764,0,32.062497,131.851577,346.7275,0,32.062784,131.852,346.7786,0,32.063071,131.852424,346.8297,0,32.063357,131.852848,346.8808,0,32.063644,131.853271,346.9318,0,32.063931,131.853695,346.9829,0,32.064217,131.854119,347.034,0,32.064504,131.854542,347.0851,0,32.06479,131.854966,347.1362,0,32.065077,131.85539,347.1873,0,32.065364,131.855813,347.2384,0,32.06565,131.856237,347.2895,0,32.065937,131.856661,347.3405,0,32.066224,131.857084,347.3916,0,32.06651,131.857508,347.4427,0,32.066797,131.857932,347.4938,0,32.067084,131.858356,347.5449,0,32.06737,131.858779,347.596,0,32.067657,131.859203,347.647,0,32.067943,131.859627,347.6981,0,32.06823,131.86005,347.7492,0,32.068517,131.860474,347.8003,0,32.068803,131.860898,347.8514,0,32.06909,131.861321,347.9025,0,32.069377,131.861745,347.9535,0,32.069663,131.862169,348.0046,0,32.06995,131.862592,348.0557,0,32.070236,131.863016,348.1068,0,32.070523,131.86344,348.1579,0,32.07081,131.863863,348.209,0,32.071096,131.864287,348.26,0,32.071383,131.864711,348.3111,0,32.071669,131.865134,348.3622,0,32.071956,131.865558,348.4133,0,32.072242,131.865982,348.4644,0,32.072529,131.866406,348.5154,0,32.072816,131.866829,348.5665,0,32.073102,131.867253,348.6176,0,32.073389,131.867677,348.6687,0,32.073675,131.8681,348.7197,0,32.073962,131.868524,348.7708,0,32.074248,131.868948,348.8219,0,32.074535,131.869371,348.873,0,32.074821,131.869795,348.9241,0,32.075108,131.870219,348.9751,0,32.075394,131.870642,349.0262,0,32.075681,131.871066,349.0773,0,32.075968,131.87149,349.1284,0,32.076254,131.871913,349.1794,0,32.076541,131.872337,349.2305,0,32.076827,131.872761,349.2816,0,32.077114,131.873184,349.3327,0,32.0774,131.873608,349.3837,0,32.077687,131.874032,349.4348,0,32.077973,131.874456,349.4859,0,32.07826,131.874879,349.5369,0,32.078546,131.875303,349.588,0,32.078833,131.875727,349.6391,0,32.079119,131.87615,349.6902,0,32.079406,131.876574,349.7412,0,32.079692,131.876998,349.7923,0,32.079979,131.877421,349.8434,0,32.080265,131.877845,349.8944,0,32.080552,131.878269,349.9455,0,32.080838,131.878692,349.9966,0,32.081125,131.879116,350.0477,0,32.081411,131.87954,350.0987,0,32.081697,131.879963,350.1498,0,32.081984,131.880387,350.2009,0,32.08227,131.880811,350.2519,0,32.082557,131.881235,350.303,0,32.082843,131.881658,350.3541,0,32.08313,131.882082,350.4051,0,32.083416,131.882506,350.4562,0,32.083703,131.882929,350.5073,0,32.083989,131.883353,350.5583,0,32.084276,131.883777,350.6094,0,32.084562,131.8842,350.6605,0,32.084848,131.884624,350.7115,0,32.085135,131.885048,350.7626,0,32.085421,131.885471,350.8137,0,32.085708,131.885895,350.8647,0,32.085994,131.886319,350.9158,0,32.086281,131.886742,350.9668,0,32.086567,131.887166,351.0179,0,32.086853,131.88759,351.069,0,32.08714,131.888013,351.12,0,32.087426,131.888437,351.1711,0,32.087713,131.888861,351.2222,0,32.087999,131.889285,351.2732,0,32.088285,131.889708,351.3243,0,32.088572,131.890132,351.3753,0,32.088858,131.890556,351.4264,0,32.089144,131.890979,351.4775,0,32.089431,131.891403,351.5285,0,32.089717,131.891827,351.5796,0,32.090004,131.89225,351.6306,0,32.09029,131.892674,351.6817,0,32.090576,131.893098,351.7328,0,32.090863,131.893521,351.7838,0,32.091149,131.893945,351.8349,0,32.091435,131.894369,351.8859,0,32.091722,131.894792,351.937,0,32.092008,131.895216,351.9881,0,32.092294,131.89564,352.0391,0,32.092581,131.896063,352.0902,0,32.092867,131.896487,352.1412,0,32.093153,131.896911,352.1923,0,32.09344,131.897335,352.2433,0,32.093726,131.897758,352.2944,0,32.094012,131.898182,352.3454,0,32.094299,131.898606,352.3965,0,32.094585,131.899029,352.4476,0,32.094871,131.899453,352.4986,0,32.095158,131.899877,352.5497,0,32.095444,131.9003,352.6007,0,32.09573,131.900724,352.6518,0,32.096017,131.901148,352.7028,0,32.096303,131.901571,352.7539,0,32.096589,131.901995,352.8049,0,32.096876,131.902419,352.856,0,32.097162,131.902842,352.907,0,32.097448,131.903266,352.9581,0,32.097734,131.90369,353.0091,0,32.098021,131.904113,353.0602,0,32.098307,131.904537,353.1112,0,32.098593,131.904961,353.1623,0,32.09888,131.905385,353.2133,0,32.099166,131.905808,353.2644,0,32.099452,131.906232,353.3154,0,32.099738,131.906656,353.3665,0,32.100025,131.907079,353.4175,0,32.100311,131.907503,353.4686,0,32.100597,131.907927,353.5196,0,32.100883,131.90835,353.5707,0,32.10117,131.908774,353.6217,0,32.101456,131.909198,353.6728,0,32.101742,131.909621,353.7238,0,32.102028,131.910045,353.7748,0,32.102315,131.910469,353.8259,0,32.102601,131.910892,353.8769,0,32.102887,131.911316,353.928,0,32.103173,131.91174,353.979,0,32.10346,131.912163,354.0301,0,32.103746,131.912587,354.0811,0,32.104032,131.913011,354.1322,0,32.104318,131.913435,354.1832,0,32.104604,131.913858,354.2342,0,32.104891,131.914282,354.2853,0,32.105177,131.914706,354.3363,0,32.105463,131.915129,354.3874,0,32.105749,131.915553,354.4384,0,32.106035,131.915977,354.4895,0,32.106322,131.9164,354.5405,0,32.106608,131.916824,354.5915,0,32.106894,131.917248,354.6426,0,32.10718,131.917671,354.6936,0,32.107466,131.918095,354.7447,0,32.107752,131.918519,354.7957,0,32.108039,131.918942,354.8467,0,32.108325,131.919366,354.8978,0,32.108611,131.91979,354.9488,0,32.108897,131.920213,354.9999,0,32.109183,131.920637,355.0509,0,32.109469,131.921061,355.1019,0,32.109756,131.921485,355.153,0,32.110042,131.921908,355.204,0,32.110328,131.922332,355.255,0,32.110614,131.922756,355.3061,0,32.1109,131.923179,355.3571,0,32.111186,131.923603,355.4082,0,32.111472,131.924027,355.4592,0,32.111759,131.92445,355.5102,0,32.112045,131.924874,355.5613,0,32.112331,131.925298,355.6123,0,32.112617,131.925721,355.6633,0,32.112903,131.926145,355.7144,0,32.113189,131.926569,355.7654,0,32.113475,131.926992,355.8164,0,32.113761,131.927416,355.8675,0,32.114048,131.92784,355.9185,0,32.114334,131.928263,355.9695,0,32.11462,131.928687,356.0206,0,32.114906,131.929111,356.0716,0,32.115192,131.929535,356.1226,0,32.115478,131.929958,356.1736,0,32.115764,131.930382,356.2247,0,32.11605,131.930806,356.2757,0,32.116336,131.931229,356.3267,0,32.116622,131.931653,356.3778,0,32.116908,131.932077,356.4288,0,32.117194,131.9325,356.4798,0,32.117481,131.932924,356.5309,0,32.117767,131.933348,356.5819,0,32.118053,131.933771,356.6329,0,32.118339,131.934195,356.6839,0,32.118625,131.934619,356.735,0,32.118911,131.935042,356.786,0,32.119197,131.935466,356.837,0,32.119483,131.93589,356.888,0,32.119769,131.936313,356.9391,0,32.120055,131.936737,356.9901,0,32.120341,131.937161,357.0411,0,32.120627,131.937585,357.0921,0,32.120913,131.938008,357.1432,0,32.121199,131.938432,357.1942,0,32.121485,131.938856,357.2452,0,32.121771,131.939279,357.2962,0,32.122057,131.939703,357.3473,0,32.122343,131.940127,357.3983,0,32.122629,131.94055,357.4493,0,32.122915,131.940974,357.5003,0,32.123201,131.941398,357.5514,0,32.123487,131.941821,357.6024,0,32.123773,131.942245,357.6534,0,32.124059,131.942669,357.7044,0,32.124345,131.943092,357.7554,0,32.124631,131.943516,357.8065,0,32.124917,131.94394,357.8575,0,32.125203,131.944363,357.9085,0,32.125489,131.944787,357.9595,0,32.125775,131.945211,358.0105,0,32.126061,131.945635,358.0616,0,32.126347,131.946058,358.1126,0,32.126633,131.946482,358.1636,0,32.126919,131.946906,358.2146,0,32.127205,131.947329,358.2656,0,32.127491,131.947753,358.3167,0,32.127777,131.948177,358.3677,0,32.128063,131.9486,358.4187,0,32.128349,131.949024,358.4697,0,32.128635,131.949448,358.5207,0,32.128921,131.949871,358.5717,0,32.129206,131.950295,358.6228,0,32.129492,131.950719,358.6738,0,32.129778,131.951142,358.7248,0,32.130064,131.951566,358.7758,0,32.13035,131.95199,358.8268,0,32.130636,131.952414,358.8778,0,32.130922,131.952837,358.9288,0,32.131208,131.953261,358.9799,0,32.131494,131.953685,359.0309,0,32.13178,131.954108,359.0819,0,32.132066,131.954532,359.1329,0,32.132352,131.954956,359.1839,0,32.132637,131.955379,359.2349,0,32.132923,131.955803,359.2859,0,32.133209,131.956227,359.3369,0,32.133495,131.95665,359.388,0,32.133781,131.957074,359.439,0,32.134067,131.957498,359.49,0,32.134353,131.957921,359.541,0,32.134639,131.958345,359.592,0,32.134924,131.958769,359.643,0,32.13521,131.959192,359.694,0,32.135496,131.959616,359.745,0,32.135782,131.96004,359.796,0,32.136068,131.960464,359.847,0,32.136354,131.960887,359.898,0,32.13664,131.961311,359.949,0,32.136925,131.961735,360.0001,0,32.137211,131.962158,360.0511,0,32.137497,131.962582,360.1021,0,32.137783,131.963006,360.1531,0,32.138069,131.963429,360.2041,0,32.138355,131.963853,360.2551,0,32.13864,131.964277,360.3061,0,32.138926,131.9647,360.3571,0,32.139212,131.965124,360.4081,0,32.139498,131.965548,360.4591,0,32.139784,131.965971,360.5101,0,32.14007,131.966395,360.5611,0,32.140355,131.966819,360.6121,0,32.140641,131.967242,360.6631,0,32.140927,131.967666,360.7141,0,32.141213,131.96809,360.7651,0,32.141499,131.968514,360.8161,0,32.141784,131.968937,360.8671,0,32.14207,131.969361,360.9181,0,32.142356,131.969785,360.9691,0,32.142642,131.970208,361.0201,0,32.142928,131.970632,361.0711,0,32.143213,131.971056,361.1221,0,32.143499,131.971479,361.1731,0,32.143785,131.971903,361.2241,0,32.144071,131.972327,361.2751,0,32.144356,131.97275,361.3261,0,32.144642,131.973174,361.3771,0,32.144928,131.973598,361.4281,0,32.145214,131.974021,361.4791,0,32.145499,131.974445,361.5301,0,32.145785,131.974869,361.5811,0,32.146071,131.975292,361.6321,0,32.146357,131.975716,361.6831,0,32.146642,131.97614,361.7341,0,32.146928,131.976564,361.7851,0,32.147214,131.976987,361.8361,0,32.1475,131.977411,361.8871,0,32.147785,131.977835,361.9381,0,32.148071,131.978258,361.9891,0,32.148357,131.978682,362.0401,0,32.148642,131.979106,362.0911,0,32.148928,131.979529,362.1421,0,32.149214,131.979953,362.193,0,32.1495,131.980377,362.244,0,32.149785,131.9808,362.295,0,32.150071,131.981224,362.346,0,32.150357,131.981648,362.397,0,32.150642,131.982071,362.448,0,32.150928,131.982495,362.499,0,32.151214,131.982919,362.55,0,32.151499,131.983342,362.601,0,32.151785,131.983766,362.652,0,32.152071,131.98419,362.703,0,32.152356,131.984614,362.754,0,32.152642,131.985037,362.8049,0,32.152928,131.985461,362.8559,0,32.153213,131.985885,362.9069,0,32.153499,131.986308,362.9579,0,32.153785,131.986732,363.0089,0,32.15407,131.987156,363.0599,0,32.154356,131.987579,363.1109,0,32.154642,131.988003,363.1619,0,32.154927,131.988427,363.2128,0,32.155213,131.98885,363.2638,0,32.155499,131.989274,363.3148,0,32.155784,131.989698,363.3658,0,32.15607,131.990121,363.4168,0,32.156356,131.990545,363.4678,0,32.156641,131.990969,363.5188,0,32.156927,131.991392,363.5697,0,32.157212,131.991816,363.6207,0,32.157498,131.99224,363.6717,0,32.157784,131.992664,363.7227,0,32.158069,131.993087,363.7737,0,32.158355,131.993511,363.8247,0,32.158641,131.993935,363.8756,0,32.158926,131.994358,363.9266,0,32.159212,131.994782,363.9776,0,32.159497,131.995206,364.0286,0,32.159783,131.995629,364.0796,0,32.160068,131.996053,364.1306,0,32.160354,131.996477,364.1815,0,32.16064,131.9969,364.2325,0,32.160925,131.997324,364.2835,0,32.161211,131.997748,364.3345,0,32.161496,131.998171,364.3855,0,32.161782,131.998595,364.4364,0,32.162068,131.999019,364.4874,0,32.162353,131.999442,364.5384,0,32.162639,131.999866,364.5894,0,32.162924,132.00029,364.6403,0,32.16321,132.000714,364.6913,0,32.163495,132.001137,364.7423,0,32.163781,132.001561,364.7933,0,32.164066,132.001985,364.8443,0,32.164352,132.002408,364.8952,0,32.164637,132.002832,364.9462,0,32.164923,132.003256,364.9972,0,32.165209,132.003679,365.0482,0,32.165494,132.004103,365.0991,0,32.16578,132.004527,365.1501,0,32.166065,132.00495,365.2011,0,32.166351,132.005374,365.2521,0,32.166636,132.005798,365.303,0,32.166922,132.006221,365.354,0,32.167207,132.006645,365.405,0,32.167493,132.007069,365.4559,0,32.167778,132.007492,365.5069,0,32.168064,132.007916,365.5579,0,32.168349,132.00834,365.6089,0,32.168635,132.008764,365.6598,0,32.16892,132.009187,365.7108,0,32.169206,132.009611,365.7618,0,32.169491,132.010035,365.8127,0,32.169777,132.010458,365.8637,0,32.170062,132.010882,365.9147,0,32.170348,132.011306,365.9657,0,32.170633,132.011729,366.0166,0,32.170918,132.012153,366.0676,0,32.171204,132.012577,366.1186,0,32.171489,132.013,366.1695,0,32.171775,132.013424,366.2205,0,32.17206,132.013848,366.2715,0,32.172346,132.014271,366.3224,0,32.172631,132.014695,366.3734,0,32.172917,132.015119,366.4244,0,32.173202,132.015542,366.4753,0,32.173488,132.015966,366.5263,0,32.173773,132.01639,366.5773,0,32.174058,132.016814,366.6282,0,32.174344,132.017237,366.6792,0,32.174629,132.017661,366.7302,0,32.174915,132.018085,366.7811,0,32.1752,132.018508,366.8321,0,32.175486,132.018932,366.8831,0,32.175771,132.019356,366.934,0,32.176056,132.019779,366.985,0,32.176342,132.020203,367.0359,0,32.176627,132.020627,367.0869,0,32.176913,132.02105,367.1379,0,32.177198,132.021474,367.1888,0,32.177483,132.021898,367.2398,0,32.177769,132.022321,367.2908,0,32.178054,132.022745,367.3417,0,32.178339,132.023169,367.3927,0,32.178625,132.023593,367.4436,0,32.17891,132.024016,367.4946,0,32.179196,132.02444,367.5456,0,32.179481,132.024864,367.5965,0,32.179766,132.025287,367.6475,0,32.180052,132.025711,367.6984,0,32.180337,132.026135,367.7494,0,32.180622,132.026558,367.8003,0,32.180908,132.026982,367.8513,0,32.181193,132.027406,367.9023,0,32.181479,132.027829,367.9532,0,32.181764,132.028253,368.0042,0,32.182049,132.028677,368.0551,0,32.182335,132.0291,368.1061,0,32.18262,132.029524,368.157,0,32.182905,132.029948,368.208,0,32.183191,132.030371,368.259,0,32.183476,132.030795,368.3099,0,32.183761,132.031219,368.3609,0,32.184046,132.031643,368.4118,0,32.184332,132.032066,368.4628,0,32.184617,132.03249,368.5137,0,32.184902,132.032914,368.5647,0,32.185188,132.033337,368.6156,0,32.185473,132.033761,368.6666,0,32.185758,132.034185,368.7175,0,32.186044,132.034608,368.7685,0,32.186329,132.035032,368.8194,0,32.186614,132.035456,368.8704,0,32.1869,132.035879,368.9213,0,32.187185,132.036303,368.9723,0,32.18747,132.036727,369.0232,0,32.187755,132.03715,369.0742,0,32.188041,132.037574,369.1251,0,32.188326,132.037998,369.1761,0,32.188611,132.038421,369.227,0,32.188896,132.038845,369.278,0,32.189182,132.039269,369.3289,0,32.189467,132.039693,369.3799,0,32.189752,132.040116,369.4308,0,32.190037,132.04054,369.4818,0,32.190323,132.040964,369.5327,0,32.190608,132.041387,369.5837,0,32.190893,132.041811,369.6346,0,32.191178,132.042235,369.6856,0,32.191464,132.042658,369.7365,0,32.191749,132.043082,369.7875,0,32.192034,132.043506,369.8384,0,32.192319,132.043929,369.8894,0,32.192605,132.044353,369.9403,0,32.19289,132.044777,369.9912,0,32.193175,132.0452,370.0422,0,32.19346,132.045624,370.0931,0,32.193745,132.046048,370.1441,0,32.194031,132.046471,370.195,0,32.194316,132.046895,370.246,0,32.194601,132.047319,370.2969,0,32.194886,132.047743,370.3478,0,32.195171,132.048166,370.3988,0,32.195457,132.04859,370.4497,0,32.195742,132.049014,370.5007,0,32.196027,132.049437,370.5516,0,32.196312,132.049861,370.6025,0,32.196597,132.050285,370.6535,0,32.196883,132.050708,370.7044,0,32.197168,132.051132,370.7554,0,32.197453,132.051556,370.8063,0,32.197738,132.051979,370.8572,0,32.198023,132.052403,370.9082,0,32.198308,132.052827,370.9591,0,32.198594,132.05325,371.0101,0,32.198879,132.053674,371.061,0,32.199164,132.054098,371.1119,0,32.199449,132.054521,371.1629,0,32.199734,132.054945,371.2138,0,32.200019,132.055369,371.2647,0,32.200304,132.055793,371.3157,0,32.20059,132.056216,371.3666,0,32.200875,132.05664,371.4176,0,32.20116,132.057064,371.4685,0,32.201445,132.057487,371.5194,0,32.20173,132.057911,371.5704,0,32.202015,132.058335,371.6213,0,32.2023,132.058758,371.6722,0,32.202585,132.059182,371.7232,0,32.202871,132.059606,371.7741,0,32.203156,132.060029,371.825,0,32.203441,132.060453,371.876,0,32.203726,132.060877,371.9269,0,32.204011,132.0613,371.9778,0,32.204296,132.061724,372.0288,0,32.204581,132.062148,372.0797,0,32.204866,132.062571,372.1306,0,32.205151,132.062995,372.1815,0,32.205436,132.063419,372.2325,0,32.205721,132.063843,372.2834,0,32.206006,132.064266,372.3343,0,32.206292,132.06469,372.3853,0,32.206577,132.065114,372.4362,0,32.206862,132.065537,372.4871,0,32.207147,132.065961,372.5381,0,32.207432,132.066385,372.589,0,32.207717,132.066808,372.6399,0,32.208002,132.067232,372.6908,0,32.208287,132.067656,372.7418,0,32.208572,132.068079,372.7927,0,32.208857,132.068503,372.8436,0,32.209142,132.068927,372.8945,0,32.209427,132.06935,372.9455,0,32.209712,132.069774,372.9964,0,32.209997,132.070198,373.0473,0,32.210282,132.070621,373.0982,0,32.210567,132.071045,373.1492,0,32.210852,132.071469,373.2001,0,32.211137,132.071893,373.251,0,32.211422,132.072316,373.3019,0,32.211707,132.07274,373.3529,0,32.211992,132.073164,373.4038,0,32.212277,132.073587,373.4547,0,32.212562,132.074011,373.5056,0,32.212847,132.074435,373.5566,0,32.213132,132.074858,373.6075,0,32.213417,132.075282,373.6584,0,32.213702,132.075706,373.7093,0,32.213987,132.076129,373.7602,0,32.214272,132.076553,373.8112,0,32.214557,132.076977,373.8621,0,32.214842,132.0774,373.913,0,32.215127,132.077824,373.9639,0,32.215412,132.078248,374.0148,0,32.215697,132.078671,374.0658,0,32.215982,132.079095,374.1167,0,32.216267,132.079519,374.1676,0,32.216552,132.079943,374.2185,0,32.216837,132.080366,374.2694,0,32.217122,132.08079,374.3203,0,32.217407,132.081214,374.3713,0,32.217692,132.081637,374.4222,0,32.217977,132.082061,374.4731,0,32.218262,132.082485,374.524,0,32.218547,132.082908,374.5749,0,32.218831,132.083332,374.6258,0,32.219116,132.083756,374.6768,0,32.219401,132.084179,374.7277,0,32.219686,132.084603,374.7786,0,32.219971,132.085027,374.8295,0,32.220256,132.08545,374.8804,0,32.220541,132.085874,374.9313,0,32.220826,132.086298,374.9822,0,32.221111,132.086721,375.0331,0,32.221396,132.087145,375.0841,0,32.221681,132.087569,375.135,0,32.221965,132.087993,375.1859,0,32.22225,132.088416,375.2368,0,32.222535,132.08884,375.2877,0,32.22282,132.089264,375.3386,0,32.223105,132.089687,375.3895,0,32.22339,132.090111,375.4404,0,32.223675,132.090535,375.4913,0,32.22396,132.090958,375.5423,0,32.224245,132.091382,375.5932,0,32.224529,132.091806,375.6441,0,32.224814,132.092229,375.695,0,32.225099,132.092653,375.7459,0,32.225384,132.093077,375.7968,0,32.225669,132.0935,375.8477,0,32.225954,132.093924,375.8986,0,32.226238,132.094348,375.9495,0,32.226523,132.094771,376.0004,0,32.226808,132.095195,376.0513,0,32.227093,132.095619,376.1022,0,32.227378,132.096043,376.1531,0,32.227663,132.096466,376.2041,0,32.227948,132.09689,376.255,0,32.228232,132.097314,376.3059,0,32.228517,132.097737,376.3568,0,32.228802,132.098161,376.4077,0,32.229087,132.098585,376.4586,0,32.229372,132.099008,376.5095,0,32.229656,132.099432,376.5604,0,32.229941,132.099856,376.6113,0,32.230226,132.100279,376.6622,0,32.230511,132.100703,376.7131,0,32.230796,132.101127,376.764,0,32.23108,132.10155,376.8149,0,32.231365,132.101974,376.8658,0,32.23165,132.102398,376.9167,0,32.231935,132.102822,376.9676,0,32.23222,132.103245,377.0185,0,32.232504,132.103669,377.0694,0,32.232789,132.104093,377.1203,0,32.233074,132.104516,377.1712,0,32.233359,132.10494,377.2221,0,32.233643,132.105364,377.273,0,32.233928,132.105787,377.3239,0,32.234213,132.106211,377.3748,0,32.234498,132.106635,377.4257,0,32.234782,132.107058,377.4766,0,32.235067,132.107482,377.5275,0,32.235352,132.107906,377.5784,0,32.235637,132.108329,377.6293,0,32.235921,132.108753,377.6802,0,32.236206,132.109177,377.7311,0,32.236491,132.1096,377.782,0,32.236776,132.110024,377.8329,0,32.23706,132.110448,377.8838,0,32.237345,132.110872,377.9346,0,32.23763,132.111295,377.9855,0,32.237914,132.111719,378.0364,0,32.238199,132.112143,378.0873,0,32.238484,132.112566,378.1382,0,32.238769,132.11299,378.1891,0,32.239053,132.113414,378.24,0,32.239338,132.113837,378.2909,0,32.239623,132.114261,378.3418,0,32.239907,132.114685,378.3927,0,32.240192,132.115108,378.4436,0,32.240477,132.115532,378.4945,0,32.240761,132.115956,378.5454,0,32.241046,132.116379,378.5962,0,32.241331,132.116803,378.6471,0,32.241615,132.117227,378.698,0,32.2419,132.11765,378.7489,0,32.242185,132.118074,378.7998,0,32.242469,132.118498,378.8507,0,32.242754,132.118922,378.9016,0,32.243039,132.119345,378.9525,0,32.243323,132.119769,379.0034,0,32.243608,132.120193,379.0542,0,32.243893,132.120616,379.1051,0,32.244177,132.12104,379.156,0,32.244462,132.121464,379.2069,0,32.244747,132.121887,379.2578,0,32.245031,132.122311,379.3087,0,32.245316,132.122735,379.3596,0,32.245601,132.123158,379.4104,0,32.245885,132.123582,379.4613,0,32.24617,132.124006,379.5122,0,32.246454,132.124429,379.5631,0,32.246739,132.124853,379.614,0,32.247024,132.125277,379.6649,0,32.247308,132.1257,379.7158,0,32.247593,132.126124,379.7666,0,32.247877,132.126548,379.8175,0,32.248162,132.126972,379.8684,0,32.248447,132.127395,379.9193,0,32.248731,132.127819,379.9702,0,32.249016,132.128243,380.021,0,32.2493,132.128666,380.0719,0,32.249585,132.12909,380.1228,0,32.24987,132.129514,380.1737,0,32.250154,132.129937,380.2246,0,32.250439,132.130361,380.2754,0,32.250723,132.130785,380.3263,0,32.251008,132.131208,380.3772,0,32.251292,132.131632,380.4281,0,32.251577,132.132056,380.479,0,32.251862,132.132479,380.5298,0,32.252146,132.132903,380.5807,0,32.252431,132.133327,380.6316,0,32.252715,132.13375,380.6825,0,32.253,132.134174,380.7334,0,32.253284,132.134598,380.7842,0,32.253569,132.135022,380.8351,0,32.253853,132.135445,380.886,0,32.254138,132.135869,380.9369,0,32.254422,132.136293,380.9877,0,32.254707,132.136716,381.0386,0,32.254991,132.13714,381.0895,0,32.255276,132.137564,381.1404,0,32.25556,132.137987,381.1912,0,32.255845,132.138411,381.2421,0,32.25613,132.138835,381.293,0,32.256414,132.139258,381.3439,0,32.256699,132.139682,381.3947,0,32.256983,132.140106,381.4456,0,32.257268,132.140529,381.4965,0,32.257552,132.140953,381.5473,0,32.257837,132.141377,381.5982,0,32.258121,132.1418,381.6491,0,32.258405,132.142224,381.7,0,32.25869,132.142648,381.7508,0,32.258974,132.143072,381.8017,0,32.259259,132.143495,381.8526,0,32.259543,132.143919,381.9034,0,32.259828,132.144343,381.9543,0,32.260112,132.144766,382.0052,0,32.260397,132.14519,382.056,0,32.260681,132.145614,382.1069,0,32.260966,132.146037,382.1578,0,32.26125,132.146461,382.2086,0,32.261535,132.146885,382.2595,0,32.261819,132.147308,382.3104,0,32.262103,132.147732,382.3612,0,32.262388,132.148156,382.4121,0,32.262672,132.148579,382.463,0,32.262957,132.149003,382.5138,0,32.263241,132.149427,382.5647,0,32.263526,132.14985,382.6156,0,32.26381,132.150274,382.6664,0,32.264095,132.150698,382.7173,0,32.264379,132.151122,382.7682,0,32.264663,132.151545,382.819,0,32.264948,132.151969,382.8699,0,32.265232,132.152393,382.9208,0,32.265517,132.152816,382.9716,0,32.265801,132.15324,383.0225,0,32.266085,132.153664,383.0733,0,32.26637,132.154087,383.1242,0,32.266654,132.154511,383.1751,0,32.266939,132.154935,383.2259,0,32.267223,132.155358,383.2768,0,32.267507,132.155782,383.3277,0,32.267792,132.156206,383.3785,0,32.268076,132.156629,383.4294,0,32.26836,132.157053,383.4802,0,32.268645,132.157477,383.5311,0,32.268929,132.1579,383.582,0,32.269214,132.158324,383.6328,0,32.269498,132.158748,383.6837,0,32.269782,132.159172,383.7345,0,32.270067,132.159595,383.7854,0,32.270351,132.160019,383.8362,0,32.270635,132.160443,383.8871,0,32.27092,132.160866,383.938,0,32.271204,132.16129,383.9888,0,32.271488,132.161714,384.0397,0,32.271773,132.162137,384.0905,0,32.272057,132.162561,384.1414,0,32.272341,132.162985,384.1922,0,32.272626,132.163408,384.2431,0,32.27291,132.163832,384.2939,0,32.273194,132.164256,384.3448,0,32.273479,132.164679,384.3957,0,32.273763,132.165103,384.4465,0,32.274047,132.165527,384.4974,0,32.274332,132.16595,384.5482,0,32.274616,132.166374,384.5991,0,32.2749,132.166798,384.6499,0,32.275184,132.167222,384.7008,0,32.275469,132.167645,384.7516,0,32.275753,132.168069,384.8025,0,32.276037,132.168493,384.8533,0,32.276322,132.168916,384.9042,0,32.276606,132.16934,384.955,0,32.27689,132.169764,385.0059,0,32.277174,132.170187,385.0567,0,32.277459,132.170611,385.1076,0,32.277743,132.171035,385.1584,0,32.278027,132.171458,385.2093,0,32.278311,132.171882,385.2601,0,32.278596,132.172306,385.311,0,32.27888,132.172729,385.3618,0,32.279164,132.173153,385.4127,0,32.279448,132.173577,385.4635,0,32.279733,132.174001,385.5144,0,32.280017,132.174424,385.5652,0,32.280301,132.174848,385.6161,0,32.280585,132.175272,385.6669,0,32.28087,132.175695,385.7177,0,32.281154,132.176119,385.7686,0,32.281438,132.176543,385.8194,0,32.281722,132.176966,385.8703,0,32.282007,132.17739,385.9211,0,32.282291,132.177814,385.972,0,32.282575,132.178237,386.0228,0,32.282859,132.178661,386.0737,0,32.283143,132.179085,386.1245,0,32.283428,132.179508,386.1753,0,32.283712,132.179932,386.2262,0,32.283996,132.180356,386.277,0,32.28428,132.180779,386.3279,0,32.284564,132.181203,386.3787,0,32.284849,132.181627,386.4296,0,32.285133,132.182051,386.4804,0,32.285417,132.182474,386.5312,0,32.285701,132.182898,386.5821,0,32.285985,132.183322,386.6329,0,32.286269,132.183745,386.6838,0,32.286554,132.184169,386.7346,0,32.286838,132.184593,386.7854,0,32.287122,132.185016,386.8363,0,32.287406,132.18544,386.8871,0,32.28769,132.185864,386.938,0,32.287974,132.186287,386.9888,0,32.288259,132.186711,387.0396,0,32.288543,132.187135,387.0905,0,32.288827,132.187558,387.1413,0,32.289111,132.187982,387.1921,0,32.289395,132.188406,387.243,0,32.289679,132.188829,387.2938,0,32.289963,132.189253,387.3446,0,32.290248,132.189677,387.3955,0,32.290532,132.190101,387.4463,0,32.290816,132.190524,387.4971,0,32.2911,132.190948,387.548,0,32.291384,132.191372,387.5988,0,32.291668,132.191795,387.6497,0,32.291952,132.192219,387.7005,0,32.292236,132.192643,387.7513,0,32.29252,132.193066,387.8021,0,32.292805,132.19349,387.853,0,32.293089,132.193914,387.9038,0,32.293373,132.194337,387.9546,0,32.293657,132.194761,388.0055,0,32.293941,132.195185,388.0563,0,32.294225,132.195608,388.1071,0,32.294509,132.196032,388.158,0,32.294793,132.196456,388.2088,0,32.295077,132.196879,388.2596,0,32.295361,132.197303,388.3105,0,32.295645,132.197727,388.3613,0,32.295929,132.198151,388.4121,0,32.296213,132.198574,388.4629,0,32.296498,132.198998,388.5138,0,32.296782,132.199422,388.5646,0,32.297066,132.199845,388.6154,0,32.29735,132.200269,388.6663,0,32.297634,132.200693,388.7171,0,32.297918,132.201116,388.7679,0,32.298202,132.20154,388.8187,0,32.298486,132.201964,388.8696,0,32.29877,132.202387,388.9204,0,32.299054,132.202811,388.9712,0,32.299338,132.203235,389.022,0,32.299622,132.203658,389.0729,0,32.299906,132.204082,389.1237,0,32.30019,132.204506,389.1745,0,32.300474,132.204929,389.2253,0,32.300758,132.205353,389.2762,0,32.301042,132.205777,389.327,0,32.301326,132.206201,389.3778,0,32.30161,132.206624,389.4286,0,32.301894,132.207048,389.4794,0,32.302178,132.207472,389.5303,0,32.302462,132.207895,389.5811,0,32.302746,132.208319,389.6319,0,32.30303,132.208743,389.6827,0,32.303314,132.209166,389.7336,0,32.303598,132.20959,389.7844,0,32.303882,132.210014,389.8352,0,32.304166,132.210437,389.886,0,32.30445,132.210861,389.9368,0,32.304734,132.211285,389.9877,0,32.305018,132.211708,390.0385,0,32.305302,132.212132,390.0893,0,32.305586,132.212556,390.1401,0,32.30587,132.212979,390.1909,0,32.306154,132.213403,390.2417,0,32.306437,132.213827,390.2926,0,32.306721,132.214251,390.3434,0,32.307005,132.214674,390.3942,0,32.307289,132.215098,390.445,0,32.307573,132.215522,390.4958,0,32.307857,132.215945,390.5466,0,32.308141,132.216369,390.5975,0,32.308425,132.216793,390.6483,0,32.308709,132.217216,390.6991,0,32.308993,132.21764,390.7499,0,32.309277,132.218064,390.8007,0,32.309561,132.218487,390.8515,0,32.309845,132.218911,390.9023,0,32.310128,132.219335,390.9532,0,32.310412,132.219758,391.004,0,32.310696,132.220182,391.0548,0,32.31098,132.220606,391.1056,0,32.311264,132.221029,391.1564,0,32.311548,132.221453,391.2072,0,32.311832,132.221877,391.258,0,32.312116,132.222301,391.3088,0,32.3124,132.222724,391.3596,0,32.312683,132.223148,391.4105,0,32.312967,132.223572,391.4613,0,32.313251,132.223995,391.5121,0,32.313535,132.224419,391.5629,0,32.313819,132.224843,391.6137,0,32.314103,132.225266,391.6645,0,32.314387,132.22569,391.7153,0,32.31467,132.226114,391.7661,0,32.314954,132.226537,391.8169,0,32.315238,132.226961,391.8677,0,32.315522,132.227385,391.9185,0,32.315806,132.227808,391.9693,0,32.31609,132.228232,392.0202,0,32.316374,132.228656,392.071,0,32.316657,132.229079,392.1218,0,32.316941,132.229503,392.1726,0,32.317225,132.229927,392.2234,0,32.317509,132.230351,392.2742,0,32.317793,132.230774,392.325,0,32.318076,132.231198,392.3758,0,32.31836,132.231622,392.4266,0,32.318644,132.232045,392.4774,0,32.318928,132.232469,392.5282,0,32.319212,132.232893,392.579,0,32.319495,132.233316,392.6298,0,32.319779,132.23374,392.6806,0,32.320063,132.234164,392.7314,0,32.320347,132.234587,392.7822,0,32.320631,132.235011,392.833,0,32.320914,132.235435,392.8838,0,32.321198,132.235858,392.9346,0,32.321482,132.236282,392.9854,0,32.321766,132.236706,393.0362,0,32.322049,132.237129,393.087,0,32.322333,132.237553,393.1378,0,32.322617,132.237977,393.1886,0,32.322901,132.238401,393.2394,0,32.323185,132.238824,393.2902,0,32.323468,132.239248,393.341,0,32.323752,132.239672,393.3918,0,32.324036,132.240095,393.4426,0,32.32432,132.240519,393.4934,0,32.324603,132.240943,393.5442,0,32.324887,132.241366,393.595,0,32.325171,132.24179,393.6458,0,32.325454,132.242214,393.6966,0,32.325738,132.242637,393.7474,0,32.326022,132.243061,393.7982,0,32.326306,132.243485,393.849,0,32.326589,132.243908,393.8998,0,32.326873,132.244332,393.9506,0,32.327157,132.244756,394.0013,0,32.32744,132.24518,394.0521,0,32.327724,132.245603,394.1029,0,32.328008,132.246027,394.1537,0,32.328292,132.246451,394.2045,0,32.328575,132.246874,394.2553,0,32.328859,132.247298,394.3061,0,32.329143,132.247722,394.3569,0,32.329426,132.248145,394.4077,0,32.32971,132.248569,394.4585,0,32.329994,132.248993,394.5093,0,32.330277,132.249416,394.5601,0,32.330561,132.24984,394.6108,0,32.330845,132.250264,394.6616,0,32.331128,132.250687,394.7124,0,32.331412,132.251111,394.7632,0,32.331696,132.251535,394.814,0,32.331979,132.251958,394.8648,0,32.332263,132.252382,394.9156,0,32.332547,132.252806,394.9664,0,32.33283,132.25323,395.0172,0,32.333114,132.253653,395.0679,0,32.333398,132.254077,395.1187,0,32.333681,132.254501,395.1695,0,32.333965,132.254924,395.2203,0,32.334249,132.255348,395.2711,0,32.334532,132.255772,395.3219,0,32.334816,132.256195,395.3727,0,32.335099,132.256619,395.4234,0,32.335383,132.257043,395.4742,0,32.335667,132.257466,395.525,0,32.33595,132.25789,395.5758,0,32.336234,132.258314,395.6266,0,32.336517,132.258737,395.6774,0,32.336801,132.259161,395.7281,0,32.337085,132.259585,395.7789,0,32.337368,132.260008,395.8297,0,32.337652,132.260432,395.8805,0,32.337935,132.260856,395.9313,0,32.338219,132.26128,395.9821,0,32.338503,132.261703,396.0328,0,32.338786,132.262127,396.0836,0,32.33907,132.262551,396.1344,0,32.339353,132.262974,396.1852,0,32.339637,132.263398,396.236,0,32.33992,132.263822,396.2867,0,32.340204,132.264245,396.3375,0,32.340488,132.264669,396.3883,0,32.340771,132.265093,396.4391,0,32.341055,132.265516,396.4899,0,32.341338,132.26594,396.5406,0,32.341622,132.266364,396.5914,0,32.341905,132.266787,396.6422,0,32.342189,132.267211,396.693,0,32.342472,132.267635,396.7437,0,32.342756,132.268058,396.7945,0,32.34304,132.268482,396.8453,0,32.343323,132.268906,396.8961,0,32.343607,132.26933,396.9468,0,32.34389,132.269753,396.9976,0,32.344174,132.270177,397.0484,0,32.344457,132.270601,397.0992,0,32.344741,132.271024,397.1499,0,32.345024,132.271448,397.2007,0,32.345308,132.271872,397.2515,0,32.345591,132.272295,397.3023,0,32.345875,132.272719,397.353,0,32.346158,132.273143,397.4038,0,32.346442,132.273566,397.4546,0,32.346725,132.27399,397.5054,0,32.347009,132.274414,397.5561,0,32.347292,132.274837,397.6069,0,32.347576,132.275261,397.6577,0,32.347859,132.275685,397.7084,0,32.348143,132.276108,397.7592,0,32.348426,132.276532,397.81,0,32.348709,132.276956,397.8607,0,32.348993,132.27738,397.9115,0,32.349276,132.277803,397.9623,0,32.34956,132.278227,398.0131,0,32.349843,132.278651,398.0638,0,32.350127,132.279074,398.1146,0,32.35041,132.279498,398.1654,0,32.350694,132.279922,398.2161,0,32.350977,132.280345,398.2669,0,32.351261,132.280769,398.3177,0,32.351544,132.281193,398.3684,0,32.351827,132.281616,398.4192,0,32.352111,132.28204,398.47,0,32.352394,132.282464,398.5207,0,32.352678,132.282887,398.5715,0,32.352961,132.283311,398.6223,0,32.353245,132.283735,398.673,0,32.353528,132.284158,398.7238,0,32.353811,132.284582,398.7745,0,32.354095,132.285006,398.8253,0,32.354378,132.28543,398.8761,0,32.354662,132.285853,398.9268,0,32.354945,132.286277,398.9776,0,32.355228,132.286701,399.0284,0,32.355512,132.287124,399.0791,0,32.355795,132.287548,399.1299,0,32.356079,132.287972,399.1806,0,32.356362,132.288395,399.2314,0,32.356645,132.288819,399.2822,0,32.356929,132.289243,399.3329,0,32.357212,132.289666,399.3837,0,32.357495,132.29009,399.4344,0,32.357779,132.290514,399.4852,0,32.358062,132.290937,399.536,0,32.358346,132.291361,399.5867,0,32.358629,132.291785,399.6375,0,32.358912,132.292208,399.6882,0,32.359196,132.292632,399.739,0,32.359479,132.293056,399.7898,0,32.359762,132.29348,399.8405,0,32.360046,132.293903,399.8913,0,32.360329,132.294327,399.942,0,32.360612,132.294751,399.9928,0,32.360896,132.295174,3100.0435,0,32.361179,132.295598,3100.0943,0,32.361462,132.296022,3100.145,0,32.361746,132.296445,3100.1958,0,32.362029,132.296869,3100.2466,0,32.362312,132.297293,3100.2973,0,32.362596,132.297716,3100.3481,0,32.362879,132.29814,3100.3988,0,32.363162,132.298564,3100.4496,0,32.363445,132.298987,3100.5003,0,32.363729,132.299411,3100.5511,0,32.364012,132.299835,3100.6018,0,32.364295,132.300258,3100.6526,0,32.364579,132.300682,3100.7033,0,32.364862,132.301106,3100.7541,0,32.365145,132.30153,3100.8048,0,32.365428,132.301953,3100.8556,0,32.365712,132.302377,3100.9063,0,32.365995,132.302801,3100.9571,0,32.366278,132.303224,3101.0078,0,32.366562,132.303648,3101.0586,0,32.366845,132.304072,3101.1093,0,32.367128,132.304495,3101.1601,0,32.367411,132.304919,3101.2108,0,32.367695,132.305343,3101.2616,0,32.367978,132.305766,3101.3123,0,32.368261,132.30619,3101.3631,0,32.368544,132.306614,3101.4138,0,32.368828,132.307037,3101.4646,0,32.369111,132.307461,3101.5153,0,32.369394,132.307885,3101.5661,0,32.369677,132.308308,3101.6168,0,32.369961,132.308732,3101.6676,0,32.370244,132.309156,3101.7183,0,32.370527,132.30958,3101.7691,0,32.37081,132.310003,3101.8198,0,32.371093,132.310427,3101.8705,0,32.371377,132.310851,3101.9213,0,32.37166,132.311274,3101.972,0,32.371943,132.311698,3102.0228,0,32.372226,132.312122,3102.0735,0,32.372509,132.312545,3102.1243,0,32.372793,132.312969,3102.175,0,32.373076,132.313393,3102.2257,0,32.373359,132.313816,3102.2765,0,32.373642,132.31424,3102.3272,0,32.373925,132.314664,3102.378,0,32.374209,132.315087,3102.4287,0,32.374492,132.315511,3102.4794,0,32.374775,132.315935,3102.5302,0,32.375058,132.316358,3102.5809,0,32.375341,132.316782,3102.6317,0,32.375624,132.317206,3102.6824,0,32.375908,132.31763,3102.7331,0,32.376191,132.318053,3102.7839,0,32.376474,132.318477,3102.8346,0,32.376757,132.318901,3102.8854,0,32.37704,132.319324,3102.9361,0,32.377323,132.319748,3102.9868,0,32.377607,132.320172,3103.0376,0,32.37789,132.320595,3103.0883,0,32.378173,132.321019,3103.139,0,32.378456,132.321443,3103.1898,0,32.378739,132.321866,3103.2405,0,32.379022,132.32229,3103.2913,0,32.379305,132.322714,3103.342,0,32.379588,132.323137,3103.3927,0,32.379872,132.323561,3103.4435,0,32.380155,132.323985,3103.4942,0,32.380438,132.324409,3103.5449,0,32.380721,132.324832,3103.5957,0,32.381004,132.325256,3103.6464,0,32.381287,132.32568,3103.6971,0,32.38157,132.326103,3103.7479,0,32.381853,132.326527,3103.7986,0,32.382136,132.326951,3103.8493,0,32.382419,132.327374,3103.9001,0,32.382703,132.327798,3103.9508,0,32.382986,132.328222,3104.0015,0,32.383269,132.328645,3104.0523,0,32.383552,132.329069,3104.103,0,32.383835,132.329493,3104.1537,0,32.384118,132.329916,3104.2044,0,32.384401,132.33034,3104.2552,0,32.384684,132.330764,3104.3059,0,32.384967,132.331187,3104.3566,0,32.38525,132.331611,3104.4074,0,32.385533,132.332035,3104.4581,0,32.385816,132.332459,3104.5088,0,32.386099,132.332882,3104.5595,0,32.386382,132.333306,3104.6103,0,32.386665,132.33373,3104.661,0,32.386948,132.334153,3104.7117,0,32.387231,132.334577,3104.7625,0,32.387515,132.335001,3104.8132,0,32.387798,132.335424,3104.8639,0,32.388081,132.335848,3104.9146,0,32.388364,132.336272,3104.9654,0,32.388647,132.336695,3105.0161,0,32.38893,132.337119,3105.0668,0,32.389213,132.337543,3105.1175,0,32.389496,132.337966,3105.1683,0,32.389779,132.33839,3105.219,0,32.390062,132.338814,3105.2697,0,32.390345,132.339237,3105.3204,0,32.390628,132.339661,3105.3711,0,32.390911,132.340085,3105.4219,0,32.391194,132.340509,3105.4726,0,32.391477,132.340932,3105.5233,0,32.39176,132.341356,3105.574,0,32.392043,132.34178,3105.6248,0,32.392326,132.342203,3105.6755,0,32.392609,132.342627,3105.7262,0,32.392891,132.343051,3105.7769,0,32.393174,132.343474,3105.8276,0,32.393457,132.343898,3105.8784,0,32.39374,132.344322,3105.9291,0,32.394023,132.344745,3105.9798,0,32.394306,132.345169,3106.0305,0,32.394589,132.345593,3106.0812,0,32.394872,132.346016,3106.1319,0,32.395155,132.34644,3106.1827,0,32.395438,132.346864,3106.2334,0,32.395721,132.347287,3106.2841,0,32.396004,132.347711,3106.3348,0,32.396287,132.348135,3106.3855,0,32.39657,132.348559,3106.4362,0,32.396853,132.348982,3106.487,0,32.397136,132.349406,3106.5377,0,32.397419,132.34983,3106.5884,0,32.397702,132.350253,3106.6391,0,32.397984,132.350677,3106.6898,0,32.398267,132.351101,3106.7405,0,32.39855,132.351524,3106.7912,0,32.398833,132.351948,3106.842,0,32.399116,132.352372,3106.8927,0,32.399399,132.352795,3106.9434,0,32.399682,132.353219,3106.9941,0,32.399965,132.353643,3107.0448,0,32.400248,132.354066,3107.0955,0,32.40053,132.35449,3107.1462,0,32.400813,132.354914,3107.1969,0,32.401096,132.355337,3107.2477,0,32.401379,132.355761,3107.2984,0,32.401662,132.356185,3107.3491,0,32.401945,132.356609,3107.3998,0,32.402228,132.357032,3107.4505,0,32.402511,132.357456,3107.5012,0,32.402793,132.35788,3107.5519,0,32.403076,132.358303,3107.6026,0,32.403359,132.358727,3107.6533,0,32.403642,132.359151,3107.704,0,32.403925,132.359574,3107.7547,0,32.404208,132.359998,3107.8055,0,32.404491,132.360422,3107.8562,0,32.404773,132.360845,3107.9069,0,32.405056,132.361269,3107.9576,0,32.405339,132.361693,3108.0083,0,32.405622,132.362116,3108.059,0,32.405905,132.36254,3108.1097,0,32.406188,132.362964,3108.1604,0,32.40647,132.363387,3108.2111,0,32.406753,132.363811,3108.2618,0,32.407036,132.364235,3108.3125,0,32.407319,132.364659,3108.3632,0,32.407602,132.365082,3108.4139,0,32.407884,132.365506,3108.4646,0,32.408167,132.36593,3108.5153,0,32.40845,132.366353,3108.566,0,32.408733,132.366777,3108.6167,0,32.409016,132.367201,3108.6674,0,32.409298,132.367624,3108.7181,0,32.409581,132.368048,3108.7688,0,32.409864,132.368472,3108.8195,0,32.410147,132.368895,3108.8702,0,32.410429,132.369319,3108.9209,0,32.410712,132.369743,3108.9716,0,32.410995,132.370166,3109.0223,0,32.411278,132.37059,3109.073,0,32.411561,132.371014,3109.1237,0,32.411843,132.371437,3109.1744,0,32.412126,132.371861,3109.2251,0,32.412409,132.372285,3109.2758,0,32.412692,132.372709,3109.3265,0,32.412974,132.373132,3109.3772,0,32.413257,132.373556,3109.4279,0,32.41354,132.37398,3109.4786,0,32.413822,132.374403,3109.5293,0,32.414105,132.374827,3109.58,0,32.414388,132.375251,3109.6307,0,32.414671,132.375674,3109.6814,0,32.414953,132.376098,3109.7321,0,32.415236,132.376522,3109.7828,0,32.415519,132.376945,3109.8335,0,32.415802,132.377369,3109.8842,0,32.416084,132.377793,3109.9349,0,32.416367,132.378216,3109.9856,0,32.41665,132.37864,3110.0363,0,32.416932,132.379064,3110.087,0,32.417215,132.379487,3110.1376,0,32.417498,132.379911,3110.1883,0,32.41778,132.380335,3110.239,0,32.418063,132.380759,3110.2897,0,32.418346,132.381182,3110.3404,0,32.418628,132.381606,3110.3911,0,32.418911,132.38203,3110.4418,0,32.419194,132.382453,3110.4925,0,32.419476,132.382877,3110.5432,0,32.419759,132.383301,3110.5939,0,32.420042,132.383724,3110.6446,0,32.420324,132.384148,3110.6952,0,32.420607,132.384572,3110.7459,0,32.42089,132.384995,3110.7966,0,32.421172,132.385419,3110.8473,0,32.421455,132.385843,3110.898,0,32.421738,132.386266,3110.9487,0,32.42202,132.38669,3110.9994,0,32.422303,132.387114,3111.0501,0,32.422586,132.387537,3111.1007,0,32.422868,132.387961,3111.1514,0,32.423151,132.388385,3111.2021,0,32.423434,132.388809,3111.2528,0,32.423716,132.389232,3111.3035,0,32.423999,132.389656,3111.3542,0,32.424281,132.39008,3111.4049,0,32.424564,132.390503,3111.4555,0,32.424847,132.390927,3111.5062,0,32.425129,132.391351,3111.5569,0,32.425412,132.391774,3111.6076,0,32.425694,132.392198,3111.6583,0,32.425977,132.392622,3111.709,0,32.42626,132.393045,3111.7596,0,32.426542,132.393469,3111.8103,0,32.426825,132.393893,3111.861,0,32.427107,132.394316,3111.9117,0,32.42739,132.39474,3111.9624,0,32.427673,132.395164,3112.0131,0,32.427955,132.395588,3112.0637,0,32.428238,132.396011,3112.1144,0,32.42852,132.396435,3112.1651,0,32.428803,132.396859,3112.2158,0,32.429085,132.397282,3112.2665,0,32.429368,132.397706,3112.3171,0,32.429651,132.39813,3112.3678,0,32.429933,132.398553,3112.4185,0,32.430216,132.398977,3112.4692,0,32.430498,132.399401,3112.5198,0,32.430781,132.399824,3112.5705,0,32.431063,132.400248,3112.6212,0,32.431346,132.400672,3112.6719,0,32.431628,132.401095,3112.7226,0,32.431911,132.401519,3112.7732,0,32.432193,132.401943,3112.8239,0,32.432476,132.402366,3112.8746,0,32.432758,132.40279,3112.9253,0,32.433041,132.403214,3112.9759,0,32.433323,132.403638,3113.0266,0,32.433606,132.404061,3113.0773,0,32.433888,132.404485,3113.128,0,32.434171,132.404909,3113.1786,0,32.434453,132.405332,3113.2293,0,32.434736,132.405756,3113.28,0,32.435018,132.40618,3113.3306,0,32.435301,132.406603,3113.3813,0,32.435583,132.407027,3113.432,0,32.435866,132.407451,3113.4827,0,32.436148,132.407874,3113.5333,0,32.436431,132.408298,3113.584,0,32.436713,132.408722,3113.6347,0,32.436996,132.409145,3113.6853,0,32.437278,132.409569,3113.736,0,32.437561,132.409993,3113.7867,0,32.437843,132.410416,3113.8374,0,32.438126,132.41084,3113.888,0,32.438408,132.411264,3113.9387,0,32.438691,132.411688,3113.9894,0,32.438973,132.412111,3114.04,0,32.439256,132.412535,3114.0907,0,32.439538,132.412959,3114.1414,0,32.43982,132.413382,3114.192,0,32.440103,132.413806,3114.2427,0,32.440385,132.41423,3114.2934,0,32.440668,132.414653,3114.344,0,32.44095,132.415077,3114.3947,0,32.441233,132.415501,3114.4454,0,32.441515,132.415924,3114.496,0,32.441797,132.416348,3114.5467,0,32.44208,132.416772,3114.5974,0,32.442362,132.417195,3114.648,0,32.442645,132.417619,3114.6987,0,32.442927,132.418043,3114.7494,0,32.443209,132.418466,3114.8,0,32.443492,132.41889,3114.8507,0,32.443774,132.419314,3114.9013,0,32.444057,132.419738,3114.952,0,32.444339,132.420161,3115.0027,0,32.444621,132.420585,3115.0533,0,32.444904,132.421009,3115.104,0,32.445186,132.421432,3115.1546,0,32.445469,132.421856,3115.2053,0,32.445751,132.42228,3115.256,0,32.446033,132.422703,3115.3066,0,32.446316,132.423127,3115.3573,0,32.446598,132.423551,3115.408,0,32.44688,132.423974,3115.4586,0,32.447163,132.424398,3115.5093,0,32.447445,132.424822,3115.5599,0,32.447727,132.425245,3115.6106,0,32.44801,132.425669,3115.6612,0,32.448292,132.426093,3115.7119,0,32.448575,132.426516,3115.7626,0,32.448857,132.42694,3115.8132,0,32.449139,132.427364,3115.8639,0,32.449422,132.427788,3115.9145,0,32.449704,132.428211,3115.9652,0,32.449986,132.428635,3116.0158,0,32.450268,132.429059,3116.0665,0,32.450551,132.429482,3116.1172,0,32.450833,132.429906,3116.1678,0,32.451115,132.43033,3116.2185,0,32.451398,132.430753,3116.2691,0,32.45168,132.431177,3116.3198,0,32.451962,132.431601,3116.3704,0,32.452245,132.432024,3116.4211,0,32.452527,132.432448,3116.4717,0,32.452809,132.432872,3116.5224,0,32.453092,132.433295,3116.573,0,32.453374,132.433719,3116.6237,0,32.453656,132.434143,3116.6743,0,32.453938,132.434566,3116.725,0,32.454221,132.43499,3116.7756,0,32.454503,132.435414,3116.8263,0,32.454785,132.435838,3116.8769,0,32.455068,132.436261,3116.9276,0,32.45535,132.436685,3116.9782,0,32.455632,132.437109,3117.0289,0,32.455914,132.437532,3117.0795,0,32.456197,132.437956,3117.1302,0,32.456479,132.43838,3117.1808,0,32.456761,132.438803,3117.2315,0,32.457043,132.439227,3117.2821,0,32.457326,132.439651,3117.3328,0,32.457608,132.440074,3117.3834,0,32.45789,132.440498,3117.4341,0,32.458172,132.440922,3117.4847,0,32.458454,132.441345,3117.5354,0,32.458737,132.441769,3117.586,0,32.459019,132.442193,3117.6367,0,32.459301,132.442616,3117.6873,0,32.459583,132.44304,3117.738,0,32.459866,132.443464,3117.7886,0,32.460148,132.443888,3117.8392,0,32.46043,132.444311,3117.8899,0,32.460712,132.444735,3117.9405,0,32.460994,132.445159,3117.9912,0,32.461277,132.445582,3118.0418,0,32.461559,132.446006,3118.0925,0,32.461841,132.44643,3118.1431,0,32.462123,132.446853,3118.1937,0,32.462405,132.447277,3118.2444,0,32.462688,132.447701,3118.295,0,32.46297,132.448124,3118.3457,0,32.463252,132.448548,3118.3963,0,32.463534,132.448972,3118.447,0,32.463816,132.449395,3118.4976,0,32.464098,132.449819,3118.5482,0,32.464381,132.450243,3118.5989,0,32.464663,132.450666,3118.6495,0,32.464945,132.45109,3118.7001,0,32.465227,132.451514,3118.7508,0,32.465509,132.451938,3118.8014,0,32.465791,132.452361,3118.8521,0,32.466074,132.452785,3118.9027,0,32.466356,132.453209,3118.9533,0,32.466638,132.453632,3119.004,0,32.46692,132.454056,3119.0546,0,32.467202,132.45448,3119.1052,0,32.467484,132.454903,3119.1559,0,32.467766,132.455327,3119.2065,0,32.468048,132.455751,3119.2572,0,32.468331,132.456174,3119.3078,0,32.468613,132.456598,3119.3584,0,32.468895,132.457022,3119.4091,0,32.469177,132.457445,3119.4597,0,32.469459,132.457869,3119.5103,0,32.469741,132.458293,3119.561,0,32.470023,132.458716,3119.6116,0,32.470305,132.45914,3119.6622,0,32.470587,132.459564,3119.7129,0,32.470869,132.459988,3119.7635,0,32.471152,132.460411,3119.8141,0,32.471434,132.460835,3119.8648,0,32.471716,132.461259,3119.9154,0,32.471998,132.461682,3119.966,0,32.47228,132.462106,3120.0167,0,32.472562,132.46253,3120.0673,0,32.472844,132.462953,3120.1179,0,32.473126,132.463377,3120.1685,0,32.473408,132.463801,3120.2192,0,32.47369,132.464224,3120.2698,0,32.473972,132.464648,3120.3204,0,32.474254,132.465072,3120.3711,0,32.474536,132.465495,3120.4217,0,32.474818,132.465919,3120.4723,0,32.4751,132.466343,3120.5229,0,32.475383,132.466766,3120.5736,0,32.475665,132.46719,3120.6242,0,32.475947,132.467614,3120.6748,0,32.476229,132.468038,3120.7254,0,32.476511,132.468461,3120.7761,0,32.476793,132.468885,3120.8267,0,32.477075,132.469309,3120.8773,0,32.477357,132.469732,3120.928,0,32.477639,132.470156,3120.9786,0,32.477921,132.47058,3121.0292,0,32.478203,132.471003,3121.0798,0,32.478485,132.471427,3121.1304,0,32.478767,132.471851,3121.1811,0,32.479049,132.472274,3121.2317,0,32.479331,132.472698,3121.2823,0,32.479613,132.473122,3121.3329,0,32.479895,132.473545,3121.3836,0,32.480177,132.473969,3121.4342,0,32.480459,132.474393,3121.4848,0,32.480741,132.474817,3121.5354,0,32.481023,132.47524,3121.586,0,32.481305,132.475664,3121.6367,0,32.481587,132.476088,3121.6873,0,32.481869,132.476511,3121.7379,0,32.482151,132.476935,3121.7885,0,32.482432,132.477359,3121.8391,0,32.482714,132.477782,3121.8898,0,32.482996,132.478206,3121.9404,0,32.483278,132.47863,3121.991,0,32.48356,132.479053,3122.0416,0,32.483842,132.479477,3122.0922,0,32.484124,132.479901,3122.1429,0,32.484406,132.480324,3122.1935,0,32.484688,132.480748,3122.2441,0,32.48497,132.481172,3122.2947,0,32.485252,132.481595,3122.3453,0,32.485534,132.482019,3122.3959,0,32.485816,132.482443,3122.4466,0,32.486098,132.482867,3122.4972,0,32.48638,132.48329,3122.5478,0,32.486661,132.483714,3122.5984,0,32.486943,132.484138,3122.649,0,32.487225,132.484561,3122.6996,0,32.487507,132.484985,3122.7502,0,32.487789,132.485409,3122.8009,0,32.488071,132.485832,3122.8515,0,32.488353,132.486256,3122.9021,0,32.488635,132.48668,3122.9527,0,32.488917,132.487103,3123.0033,0,32.489199,132.487527,3123.0539,0,32.48948,132.487951,3123.1045,0,32.489762,132.488374,3123.1551,0,32.490044,132.488798,3123.2058,0,32.490326,132.489222,3123.2564,0,32.490608,132.489645,3123.307,0,32.49089,132.490069,3123.3576,0,32.491172,132.490493,3123.4082,0,32.491453,132.490917,3123.4588,0,32.491735,132.49134,3123.5094,0,32.492017,132.491764,3123.56,0,32.492299,132.492188,3123.6106,0,32.492581,132.492611,3123.6612,0,32.492863,132.493035,3123.7118,0,32.493145,132.493459,3123.7625,0,32.493426,132.493882,3123.8131,0,32.493708,132.494306,3123.8637,0,32.49399,132.49473,3123.9143,0,32.494272,132.495153,3123.9649,0,32.494554,132.495577,3124.0155,0,32.494836,132.496001,3124.0661,0,32.495117,132.496424,3124.1167,0,32.495399,132.496848,3124.1673,0,32.495681,132.497272,3124.2179,0,32.495963,132.497695,3124.2685,0,32.496245,132.498119,3124.3191,0,32.496526,132.498543,3124.3697,0,32.496808,132.498967,3124.4203,0,32.49709,132.49939,3124.4709,0,32.497372,132.499814,3124.5215,0,32.497654,132.500238,3124.5721,0,32.497935,132.500661,3124.6227,0,32.498217,132.501085,3124.6733,0,32.498499,132.501509,3124.7239,0,32.498781,132.501932,3124.7745,0,32.499062,132.502356,3124.8251,0,32.499344,132.50278,3124.8757,0,32.499626,132.503203,3124.9263,0,32.499908,132.503627,3124.9769,0,32.50019,132.504051,3125.0275,0,32.500471,132.504474,3125.0781,0,32.500753,132.504898,3125.1287,0,32.501035,132.505322,3125.1793,0,32.501317,132.505745,3125.2299,0,32.501598,132.506169,3125.2805,0,32.50188,132.506593,3125.3311,0,32.502162,132.507017,3125.3817,0,32.502443,132.50744,3125.4323,0,32.502725,132.507864,3125.4829,0,32.503007,132.508288,3125.5335,0,32.503289,132.508711,3125.5841,0,32.50357,132.509135,3125.6347,0,32.503852,132.509559,3125.6853,0,32.504134,132.509982,3125.7359,0,32.504416,132.510406,3125.7865,0,32.504697,132.51083,3125.8371,0,32.504979,132.511253,3125.8877,0,32.505261,132.511677,3125.9383,0,32.505542,132.512101,3125.9889,0,32.505824,132.512524,3126.0395,0,32.506106,132.512948,3126.09,0,32.506387,132.513372,3126.1406,0,32.506669,132.513795,3126.1912,0,32.506951,132.514219,3126.2418,0,32.507232,132.514643,3126.2924,0,32.507514,132.515067,3126.343,0,32.507796,132.51549,3126.3936,0,32.508077,132.515914,3126.4442,0,32.508359,132.516338,3126.4948,0,32.508641,132.516761,3126.5454,0,32.508922,132.517185,3126.596,0,32.509204,132.517609,3126.6465,0,32.509486,132.518032,3126.6971,0,32.509767,132.518456,3126.7477,0,32.510049,132.51888,3126.7983,0,32.510331,132.519303,3126.8489,0,32.510612,132.519727,3126.8995,0,32.510894,132.520151,3126.9501,0,32.511176,132.520574,3127.0007,0,32.511457,132.520998,3127.0512,0,32.511739,132.521422,3127.1018,0,32.512021,132.521845,3127.1524,0,32.512302,132.522269,3127.203,0,32.512584,132.522693,3127.2536,0,32.512865,132.523117,3127.3042,0,32.513147,132.52354,3127.3548,0,32.513429,132.523964,3127.4053,0,32.51371,132.524388,3127.4559,0,32.513992,132.524811,3127.5065,0,32.514273,132.525235,3127.5571,0,32.514555,132.525659,3127.6077,0,32.514837,132.526082,3127.6583,0,32.515118,132.526506,3127.7088,0,32.5154,132.52693,3127.7594,0,32.515681,132.527353,3127.81,0,32.515963,132.527777,3127.8606,0,32.516245,132.528201,3127.9112,0,32.516526,132.528624,3127.9618,0,32.516808,132.529048,3128.0123,0,32.517089,132.529472,3128.0629,0,32.517371,132.529895,3128.1135,0,32.517652,132.530319,3128.1641,0,32.517934,132.530743,3128.2147,0,32.518215,132.531167,3128.2652,0,32.518497,132.53159,3128.3158,0,32.518779,132.532014,3128.3664,0,32.51906,132.532438,3128.417,0,32.519342,132.532861,3128.4675,0,32.519623,132.533285,3128.5181,0,32.519905,132.533709,3128.5687,0,32.520186,132.534132,3128.6193,0,32.520468,132.534556,3128.6699,0,32.520749,132.53498,3128.7204,0,32.521031,132.535403,3128.771,0,32.521312,132.535827,3128.8216,0,32.521594,132.536251,3128.8722,0,32.521875,132.536674,3128.9227,0,32.522157,132.537098,3128.9733,0,32.522438,132.537522,3129.0239,0,32.52272,132.537945,3129.0745,0,32.523001,132.538369,3129.125,0,32.523283,132.538793,3129.1756,0,32.523564,132.539217,3129.2262,0,32.523846,132.53964,3129.2767,0,32.524127,132.540064,3129.3273,0,32.524409,132.540488,3129.3779,0,32.52469,132.540911,3129.4285,0,32.524972,132.541335,3129.479,0,32.525253,132.541759,3129.5296,0,32.525535,132.542182,3129.5802,0,32.525816,132.542606,3129.6307,0,32.526098,132.54303,3129.6813,0,32.526379,132.543453,3129.7319,0,32.526661,132.543877,3129.7825,0,32.526942,132.544301,3129.833,0,32.527224,132.544724,3129.8836,0,32.527505,132.545148,3129.9342,0,32.527786,132.545572,3129.9847,0,32.528068,132.545996,3130.0353,0,32.528349,132.546419,3130.0859,0,32.528631,132.546843,3130.1364,0,32.528912,132.547267,3130.187,0,32.529194,132.54769,3130.2376,0,32.529475,132.548114,3130.2881,0,32.529757,132.548538,3130.3387,0,32.530038,132.548961,3130.3893,0,32.530319,132.549385,3130.4398,0,32.530601,132.549809,3130.4904,0,32.530882,132.550232,3130.541,0,32.531164,132.550656,3130.5915,0,32.531445,132.55108,3130.6421,0,32.531726,132.551503,3130.6927,0,32.532008,132.551927,3130.7432,0,32.532289,132.552351,3130.7938,0,32.532571,132.552774,3130.8443,0,32.532852,132.553198,3130.8949,0,32.533133,132.553622,3130.9455,0,32.533415,132.554046,3130.996,0,32.533696,132.554469,3131.0466,0,32.533978,132.554893,3131.0972,0,32.534259,132.555317,3131.1477,0,32.53454,132.55574,3131.1983,0,32.534822,132.556164,3131.2488,0,32.535103,132.556588,3131.2994,0,32.535384,132.557011,3131.35,0,32.535666,132.557435,3131.4005,0,32.535947,132.557859,3131.4511,0,32.536228,132.558282,3131.5016,0,32.53651,132.558706,3131.5522,0,32.536791,132.55913,3131.6028,0,32.537072,132.559553,3131.6533,0,32.537354,132.559977,3131.7039,0,32.537635,132.560401,3131.7544,0,32.537916,132.560824,3131.805,0,32.538198,132.561248,3131.8555,0,32.538479,132.561672,3131.9061,0,32.53876,132.562096,3131.9567,0,32.539042,132.562519,3132.0072,0,32.539323,132.562943,3132.0578,0,32.539604,132.563367,3132.1083,0,32.539886,132.56379,3132.1589,0,32.540167,132.564214,3132.2094,0,32.540448,132.564638,3132.26,0,32.54073,132.565061,3132.3105,0,32.541011,132.565485,3132.3611,0,32.541292,132.565909,3132.4116,0,32.541573,132.566332,3132.4622,0,32.541855,132.566756,3132.5127,0,32.542136,132.56718,3132.5633,0,32.542417,132.567603,3132.6138,0,32.542699,132.568027,3132.6644,0,32.54298,132.568451,3132.715,0,32.543261,132.568874,3132.7655,0,32.543542,132.569298,3132.8161,0,32.543824,132.569722,3132.8666,0,32.544105,132.570146,3132.9172,0,32.544386,132.570569,3132.9677,0,32.544667,132.570993,3133.0183,0,32.544949,132.571417,3133.0688,0,32.54523,132.57184,3133.1194,0,32.545511,132.572264,3133.1699,0,32.545792,132.572688,3133.2204,0,32.546074,132.573111,3133.271,0,32.546355,132.573535,3133.3215,0,32.546636,132.573959,3133.3721,0,32.546917,132.574382,3133.4226,0,32.547199,132.574806,3133.4732,0,32.54748,132.57523,3133.5237,0,32.547761,132.575653,3133.5743,0,32.548042,132.576077,3133.6248,0,32.548324,132.576501,3133.6754,0,32.548605,132.576924,3133.7259,0,32.548886,132.577348,3133.7765,0,32.549167,132.577772,3133.827,0,32.549448,132.578196,3133.8775,0,32.54973,132.578619,3133.9281,0,32.550011,132.579043,3133.9786,0,32.550292,132.579467,3134.0292,0,32.550573,132.57989,3134.0797,0,32.550854,132.580314,3134.1303,0,32.551135,132.580738,3134.1808,0,32.551417,132.581161,3134.2313,0,32.551698,132.581585,3134.2819,0,32.551979,132.582009,3134.3324,0,32.55226,132.582432,3134.383,0,32.552541,132.582856,3134.4335,0,32.552823,132.58328,3134.484,0,32.553104,132.583703,3134.5346,0,32.553385,132.584127,3134.5851,0,32.553666,132.584551,3134.6357,0,32.553947,132.584974,3134.6862,0,32.554228,132.585398,3134.7367,0,32.554509,132.585822,3134.7873,0,32.554791,132.586246,3134.8378,0,32.555072,132.586669,3134.8884,0,32.555353,132.587093,3134.9389,0,32.555634,132.587517,3134.9894,0,32.555915,132.58794,3135.04,0,32.556196,132.588364,3135.0905,0,32.556477,132.588788,3135.141,0,32.556758,132.589211,3135.1916,0,32.55704,132.589635,3135.2421,0,32.557321,132.590059,3135.2926,0,32.557602,132.590482,3135.3432,0,32.557883,132.590906,3135.3937,0,32.558164,132.59133,3135.4442,0,32.558445,132.591753,3135.4948,0,32.558726,132.592177,3135.5453,0,32.559007,132.592601,3135.5958,0,32.559288,132.593024,3135.6464,0,32.55957,132.593448,3135.6969,0,32.559851,132.593872,3135.7474,0,32.560132,132.594296,3135.798,0,32.560413,132.594719,3135.8485,0,32.560694,132.595143,3135.899,0,32.560975,132.595567,3135.9496,0,32.561256,132.59599,3136.0001,0,32.561537,132.596414,3136.0506,0,32.561818,132.596838,3136.1012,0,32.562099,132.597261,3136.1517,0,32.56238,132.597685,3136.2022,0,32.562661,132.598109,3136.2528,0,32.562942,132.598532,3136.3033,0,32.563223,132.598956,3136.3538,0,32.563504,132.59938,3136.4043,0,32.563785,132.599803,3136.4549,0,32.564066,132.600227,3136.5054,0,32.564348,132.600651,3136.5559,0,32.564629,132.601074,3136.6064,0,32.56491,132.601498,3136.657,0,32.565191,132.601922,3136.7075,0,32.565472,132.602346,3136.758,0,32.565753,132.602769,3136.8085,0,32.566034,132.603193,3136.8591,0,32.566315,132.603617,3136.9096,0,32.566596,132.60404,3136.9601,0,32.566877,132.604464,3137.0106,0,32.567158,132.604888,3137.0612,0,32.567439,132.605311,3137.1117,0,32.56772,132.605735,3137.1622,0,32.568001,132.606159,3137.2127,0,32.568282,132.606582,3137.2633,0,32.568563,132.607006,3137.3138,0,32.568844,132.60743,3137.3643,0,32.569125,132.607853,3137.4148,0,32.569406,132.608277,3137.4654,0,32.569687,132.608701,3137.5159,0,32.569968,132.609124,3137.5664,0,32.570248,132.609548,3137.6169,0,32.570529,132.609972,3137.6674,0,32.57081,132.610396,3137.718,0,32.571091,132.610819,3137.7685,0,32.571372,132.611243,3137.819,0,32.571653,132.611667,3137.8695,0,32.571934,132.61209,3137.92,0,32.572215,132.612514,3137.9706,0,32.572496,132.612938,3138.0211,0,32.572777,132.613361,3138.0716,0,32.573058,132.613785,3138.1221,0,32.573339,132.614209,3138.1726,0,32.57362,132.614632,3138.2231,0,32.573901,132.615056,3138.2737,0,32.574182,132.61548,3138.3242,0,32.574463,132.615903,3138.3747,0,32.574744,132.616327,3138.4252,0,32.575024,132.616751,3138.4757,0,32.575305,132.617175,3138.5262,0,32.575586,132.617598,3138.5767,0,32.575867,132.618022,3138.6273,0,32.576148,132.618446,3138.6778,0,32.576429,132.618869,3138.7283,0,32.57671,132.619293,3138.7788,0,32.576991,132.619717,3138.8293,0,32.577272,132.62014,3138.8798,0,32.577552,132.620564,3138.9303,0,32.577833,132.620988,3138.9809,0,32.578114,132.621411,3139.0314,0,32.578395,132.621835,3139.0819,0,32.578676,132.622259,3139.1324,0,32.578957,132.622682,3139.1829,0,32.579238,132.623106,3139.2334,0,32.579519,132.62353,3139.2839,0,32.579799,132.623953,3139.3344,0,32.58008,132.624377,3139.3849,0,32.580361,132.624801,3139.4354,0,32.580642,132.625225,3139.486,0,32.580923,132.625648,3139.5365,0,32.581204,132.626072,3139.587,0,32.581485,132.626496,3139.6375,0,32.581765,132.626919,3139.688,0,32.582046,132.627343,3139.7385,0,32.582327,132.627767,3139.789,0,32.582608,132.62819,3139.8395,0,32.582889,132.628614,3139.89,0,32.58317,132.629038,3139.9405,0,32.58345,132.629461,3139.991,0,32.583731,132.629885,3140.0415,0,32.584012,132.630309,3140.092,0,32.584293,132.630732,3140.1425,0,32.584574,132.631156,3140.193,0,32.584854,132.63158,3140.2435,0,32.585135,132.632003,3140.2941,0,32.585416,132.632427,3140.3446,0,32.585697,132.632851,3140.3951,0,32.585978,132.633275,3140.4456,0,32.586258,132.633698,3140.4961,0,32.586539,132.634122,3140.5466,0,32.58682,132.634546,3140.5971,0,32.587101,132.634969,3140.6476,0,32.587381,132.635393,3140.6981,0,32.587662,132.635817,3140.7486,0,32.587943,132.63624,3140.7991,0,32.588224,132.636664,3140.8496,0,32.588504,132.637088,3140.9001,0,32.588785,132.637511,3140.9506,0,32.589066,132.637935,3141.0011,0,32.589347,132.638359,3141.0516,0,32.589627,132.638782,3141.1021,0,32.589908,132.639206,3141.1526,0,32.590189,132.63963,3141.2031,0,32.59047,132.640053,3141.2536,0,32.59075,132.640477,3141.3041,0,32.591031,132.640901,3141.3546,0,32.591312,132.641325,3141.4051,0,32.591593,132.641748,3141.4555,0,32.591873,132.642172,3141.506,0,32.592154,132.642596,3141.5565,0,32.592435,132.643019,3141.607,0,32.592716,132.643443,3141.6575,0,32.592996,132.643867,3141.708,0,32.593277,132.64429,3141.7585,0,32.593558,132.644714,3141.809,0,32.593838,132.645138,3141.8595,0,32.594119,132.645561,3141.91,0,32.5944,132.645985,3141.9605,0,32.59468,132.646409,3142.011,0,32.594961,132.646832,3142.0615,0,32.595242,132.647256,3142.112,0,32.595522,132.64768,3142.1625,0,32.595803,132.648103,3142.213,0,32.596084,132.648527,3142.2634,0,32.596364,132.648951,3142.3139,0,32.596645,132.649375,3142.3644,0,32.596926,132.649798,3142.4149,0,32.597206,132.650222,3142.4654,0,32.597487,132.650646,3142.5159,0,32.597768,132.651069,3142.5664,0,32.598048,132.651493,3142.6169,0,32.598329,132.651917,3142.6674,0,32.59861,132.65234,3142.7179,0,32.59889,132.652764,3142.7683,0,32.599171,132.653188,3142.8188,0,32.599452,132.653611,3142.8693,0,32.599732,132.654035,3142.9198,0,32.600013,132.654459,3142.9703,0,32.600294,132.654882,3143.0208,0,32.600574,132.655306,3143.0713,0,32.600855,132.65573,3143.1218,0,32.601135,132.656153,3143.1722,0,32.601416,132.656577,3143.2227,0,32.601697,132.657001,3143.2732,0,32.601977,132.657425,3143.3237,0,32.602258,132.657848,3143.3742,0,32.602538,132.658272,3143.4247,0,32.602819,132.658696,3143.4751,0,32.6031,132.659119,3143.5256,0,32.60338,132.659543,3143.5761,0,32.603661,132.659967,3143.6266,0,32.603941,132.66039,3143.6771,0,32.604222,132.660814,3143.7276,0,32.604503,132.661238,3143.778,0,32.604783,132.661661,3143.8285,0,32.605064,132.662085,3143.879,0,32.605344,132.662509,3143.9295,0,32.605625,132.662932,3143.98,0,32.605905,132.663356,3144.0304,0,32.606186,132.66378,3144.0809,0,32.606467,132.664203,3144.1314,0,32.606747,132.664627,3144.1819,0,32.607028,132.665051,3144.2324,0,32.607308,132.665475,3144.2828,0,32.607589,132.665898,3144.3333,0,32.607869,132.666322,3144.3838,0,32.60815,132.666746,3144.4343,0,32.60843,132.667169,3144.4848,0,32.608711,132.667593,3144.5352,0,32.608991,132.668017,3144.5857,0,32.609272,132.66844,3144.6362,0,32.609552,132.668864,3144.6867,0,32.609833,132.669288,3144.7371,0,32.610113,132.669711,3144.7876,0,32.610394,132.670135,3144.8381,0,32.610674,132.670559,3144.8886,0,32.610955,132.670982,3144.939,0,32.611235,132.671406,3144.9895,0,32.611516,132.67183,3145.04,0,32.611796,132.672253,3145.0905,0,32.612077,132.672677,3145.1409,0,32.612357,132.673101,3145.1914,0,32.612638,132.673525,3145.2419,0,32.612918,132.673948,3145.2924,0,32.613199,132.674372,3145.3428,0,32.613479,132.674796,3145.3933,0,32.61376,132.675219,3145.4438,0,32.61404,132.675643,3145.4942,0,32.614321,132.676067,3145.5447,0,32.614601,132.67649,3145.5952,0,32.614882,132.676914,3145.6457,0,32.615162,132.677338,3145.6961,0,32.615443,132.677761,3145.7466,0,32.615723,132.678185,3145.7971,0,32.616004,132.678609,3145.8475,0,32.616284,132.679032,3145.898,0,32.616564,132.679456,3145.9485,0,32.616845,132.67988,3145.9989,0,32.617125,132.680303,3146.0494,0,32.617406,132.680727,3146.0999,0,32.617686,132.681151,3146.1503,0,32.617967,132.681575,3146.2008,0,32.618247,132.681998,3146.2513,0,32.618527,132.682422,3146.3017,0,32.618808,132.682846,3146.3522,0,32.619088,132.683269,3146.4027,0,32.619369,132.683693,3146.4531,0,32.619649,132.684117,3146.5036,0,32.619929,132.68454,3146.5541,0,32.62021,132.684964,3146.6045,0,32.62049,132.685388,3146.655,0,32.620771,132.685811,3146.7055,0,32.621051,132.686235,3146.7559,0,32.621331,132.686659,3146.8064,0,32.621612,132.687082,3146.8568,0,32.621892,132.687506,3146.9073,0,32.622173,132.68793,3146.9578,0,32.622453,132.688353,3147.0082,0,32.622733,132.688777,3147.0587,0,32.623014,132.689201,3147.1092,0,32.623294,132.689625,3147.1596,0,32.623574,132.690048,3147.2101,0,32.623855,132.690472,3147.2605,0,32.624135,132.690896,3147.311,0,32.624415,132.691319,3147.3615,0,32.624696,132.691743,3147.4119,0,32.624976,132.692167,3147.4624,0,32.625257,132.69259,3147.5128,0,32.625537,132.693014,3147.5633,0,32.625817,132.693438,3147.6137,0,32.626098,132.693861,3147.6642,0,32.626378,132.694285,3147.7147,0,32.626658,132.694709,3147.7651,0,32.626939,132.695132,3147.8156,0,32.627219,132.695556,3147.866,0,32.627499,132.69598,3147.9165,0,32.627779,132.696404,3147.9669,0,32.62806,132.696827,3148.0174,0,32.62834,132.697251,3148.0679,0,32.62862,132.697675,3148.1183,0,32.628901,132.698098,3148.1688,0,32.629181,132.698522,3148.2192,0,32.629461,132.698946,3148.2697,0,32.629742,132.699369,3148.3201,0,32.630022,132.699793,3148.3706,0,32.630302,132.700217,3148.421,0,32.630582,132.70064,3148.4715,0,32.630863,132.701064,3148.5219,0,32.631143,132.701488,3148.5724,0,32.631423,132.701911,3148.6228,0,32.631704,132.702335,3148.6733,0,32.631984,132.702759,3148.7237,0,32.632264,132.703182,3148.7742,0,32.632544,132.703606,3148.8246,0,32.632825,132.70403,3148.8751,0,32.633105,132.704454,3148.9255,0,32.633385,132.704877,3148.976,0,32.633665,132.705301,3149.0264,0,32.633946,132.705725,3149.0769,0,32.634226,132.706148,3149.1273,0,32.634506,132.706572,3149.1778,0,32.634786,132.706996,3149.2282,0,32.635067,132.707419,3149.2787,0,32.635347,132.707843,3149.3291,0,32.635627,132.708267,3149.3796,0,32.635907,132.70869,3149.43,0,32.636187,132.709114,3149.4805,0,32.636468,132.709538,3149.5309,0,32.636748,132.709961,3149.5814,0,32.637028,132.710385,3149.6318,0,32.637308,132.710809,3149.6822,0,32.637588,132.711232,3149.7327,0,32.637869,132.711656,3149.7831,0,32.638149,132.71208,3149.8336,0,32.638429,132.712504,3149.884,0,32.638709,132.712927,3149.9345,0,32.638989,132.713351,3149.9849,0,32.63927,132.713775,3150.0354,0,32.63955,132.714198,3150.0858,0,32.63983,132.714622,3150.1362,0,32.64011,132.715046,3150.1867,0,32.64039,132.715469,3150.2371,0,32.640671,132.715893,3150.2876,0,32.640951,132.716317,3150.338,0,32.641231,132.71674,3150.3884,0,32.641511,132.717164,3150.4389,0,32.641791,132.717588,3150.4893,0,32.642071,132.718011,3150.5398,0,32.642351,132.718435,3150.5902,0,32.642632,132.718859,3150.6406,0,32.642912,132.719282,3150.6911,0,32.643192,132.719706,3150.7415,0,32.643472,132.72013,3150.792,0,32.643752,132.720554,3150.8424,0,32.644032,132.720977,3150.8928,0,32.644312,132.721401,3150.9433,0,32.644593,132.721825,3150.9937,0,32.644873,132.722248,3151.0441,0,32.645153,132.722672,3151.0946,0,32.645433,132.723096,3151.145,0,32.645713,132.723519,3151.1954,0,32.645993,132.723943,3151.2459,0,32.646273,132.724367,3151.2963,0,32.646553,132.72479,3151.3468,0,32.646833,132.725214,3151.3972,0,32.647114,132.725638,3151.4476,0,32.647394,132.726061,3151.4981,0,32.647674,132.726485,3151.5485,0,32.647954,132.726909,3151.5989,0,32.648234,132.727332,3151.6494,0,32.648514,132.727756,3151.6998,0,32.648794,132.72818,3151.7502,0,32.649074,132.728604,3151.8006,0,32.649354,132.729027,3151.8511,0,32.649634,132.729451,3151.9015,0,32.649914,132.729875,3151.9519,0,32.650194,132.730298,3152.0024,0,32.650474,132.730722,3152.0528,0,32.650754,132.731146,3152.1032,0,32.651035,132.731569,3152.1537,0,32.651315,132.731993,3152.2041,0,32.651595,132.732417,3152.2545,0,32.651875,132.73284,3152.3049,0,32.652155,132.733264,3152.3554,0,32.652435,132.733688,3152.4058,0,32.652715,132.734111,3152.4562,0,32.652995,132.734535,3152.5067,0,32.653275,132.734959,3152.5571,0,32.653555,132.735382,3152.6075,0,32.653835,132.735806,3152.6579,0,32.654115,132.73623,3152.7084,0,32.654395,132.736654,3152.7588,0,32.654675,132.737077,3152.8092,0,32.654955,132.737501,3152.8596,0,32.655235,132.737925,3152.9101,0,32.655515,132.738348,3152.9605,0,32.655795,132.738772,3153.0109,0,32.656075,132.739196,3153.0613,0,32.656355,132.739619,3153.1118,0,32.656635,132.740043,3153.1622,0,32.656915,132.740467,3153.2126,0,32.657195,132.74089,3153.263,0,32.657475,132.741314,3153.3135,0,32.657755,132.741738,3153.3639,0,32.658035,132.742161,3153.4143,0,32.658315,132.742585,3153.4647,0,32.658595,132.743009,3153.5151,0,32.658875,132.743432,3153.5656,0,32.659155,132.743856,3153.616,0,32.659435,132.74428,3153.6664,0,32.659715,132.744704,3153.7168,0,32.659994,132.745127,3153.7672,0,32.660274,132.745551,3153.8177,0,32.660554,132.745975,3153.8681,0,32.660834,132.746398,3153.9185,0,32.661114,132.746822,3153.9689,0,32.661394,132.747246,3154.0193,0,32.661674,132.747669,3154.0697,0,32.661954,132.748093,3154.1202,0,32.662234,132.748517,3154.1706,0,32.662514,132.74894,3154.221,0,32.662794,132.749364,3154.2714,0,32.663074,132.749788,3154.3218,0,32.663354,132.750211,3154.3722,0,32.663634,132.750635,3154.4227,0,32.663913,132.751059,3154.4731,0,32.664193,132.751482,3154.5235,0,32.664473,132.751906,3154.5739,0,32.664753,132.75233,3154.6243,0,32.665033,132.752754,3154.6747,0,32.665313,132.753177,3154.7251,0,32.665593,132.753601,3154.7756,0,32.665873,132.754025,3154.826,0,32.666153,132.754448,3154.8764,0,32.666432,132.754872,3154.9268,0,32.666712,132.755296,3154.9772,0,32.666992,132.755719,3155.0276,0,32.667272,132.756143,3155.078,0,32.667552,132.756567,3155.1284,0,32.667832,132.75699,3155.1788,0,32.668112,132.757414,3155.2293,0,32.668391,132.757838,3155.2797,0,32.668671,132.758261,3155.3301,0,32.668951,132.758685,3155.3805,0,32.669231,132.759109,3155.4309,0,32.669511,132.759532,3155.4813,0,32.669791,132.759956,3155.5317,0,32.670071,132.76038,3155.5821,0,32.67035,132.760804,3155.6325,0,32.67063,132.761227,3155.6829,0,32.67091,132.761651,3155.7333,0,32.67119,132.762075,3155.7838,0,32.67147,132.762498,3155.8342,0,32.671749,132.762922,3155.8846,0,32.672029,132.763346,3155.935,0,32.672309,132.763769,3155.9854,0,32.672589,132.764193,3156.0358,0,32.672869,132.764617,3156.0862,0,32.673149,132.76504,3156.1366,0,32.673428,132.765464,3156.187,0,32.673708,132.765888,3156.2374,0,32.673988,132.766311,3156.2878,0,32.674268,132.766735,3156.3382,0,32.674547,132.767159,3156.3886,0,32.674827,132.767583,3156.439,0,32.675107,132.768006,3156.4894,0,32.675387,132.76843,3156.5398,0,32.675667,132.768854,3156.5902,0,32.675946,132.769277,3156.6406,0,32.676226,132.769701,3156.691,0,32.676506,132.770125,3156.7414,0,32.676786,132.770548,3156.7918,0,32.677065,132.770972,3156.8422,0,32.677345,132.771396,3156.8926,0,32.677625,132.771819,3156.943,0,32.677905,132.772243,3156.9934,0,32.678184,132.772667,3157.0438,0,32.678464,132.77309,3157.0942,0,32.678744,132.773514,3157.1446,0,32.679024,132.773938,3157.195,0,32.679303,132.774361,3157.2454,0,32.679583,132.774785,3157.2958,0,32.679863,132.775209,3157.3462,0,32.680142,132.775633,3157.3966,0,32.680422,132.776056,3157.447,0,32.680702,132.77648,3157.4974,0,32.680982,132.776904,3157.5478,0,32.681261,132.777327,3157.5982,0,32.681541,132.777751,3157.6486,0,32.681821,132.778175,3157.699,0,32.6821,132.778598,3157.7494,0,32.68238,132.779022,3157.7998,0,32.68266,132.779446,3157.8502,0,32.682939,132.779869,3157.9005,0,32.683219,132.780293,3157.9509,0,32.683499,132.780717,3158.0013,0,32.683779,132.78114,3158.0517,0,32.684058,132.781564,3158.1021,0,32.684338,132.781988,3158.1525,0,32.684618,132.782411,3158.2029,0,32.684897,132.782835,3158.2533,0,32.685177,132.783259,3158.3037,0,32.685457,132.783683,3158.3541,0,32.685736,132.784106,3158.4045,0,32.686016,132.78453,3158.4549,0,32.686296,132.784954,3158.5052,0,32.686575,132.785377,3158.5556,0,32.686855,132.785801,3158.606,0,32.687134,132.786225,3158.6564,0,32.687414,132.786648,3158.7068,0,32.687694,132.787072,3158.7572,0,32.687973,132.787496,3158.8076,0,32.688253,132.787919,3158.858,0,32.688533,132.788343,3158.9084,0,32.688812,132.788767,3158.9587,0,32.689092,132.78919,3159.0091,0,32.689371,132.789614,3159.0595,0,32.689651,132.790038,3159.1099,0,32.689931,132.790461,3159.1603,0,32.69021,132.790885,3159.2107,0,32.69049,132.791309,3159.2611,0,32.690769,132.791733,3159.3114,0,32.691049,132.792156,3159.3618,0,32.691329,132.79258,3159.4122,0,32.691608,132.793004,3159.4626,0,32.691888,132.793427,3159.513,0,32.692167,132.793851,3159.5634,0,32.692447,132.794275,3159.6137,0,32.692727,132.794698,3159.6641,0,32.693006,132.795122,3159.7145,0,32.693286,132.795546,3159.7649,0,32.693565,132.795969,3159.8153,0,32.693845,132.796393,3159.8656,0,32.694124,132.796817,3159.916,0,32.694404,132.79724,3159.9664,0,32.694684,132.797664,3160.0168,0,32.694963,132.798088,3160.0672,0,32.695243,132.798511,3160.1175,0,32.695522,132.798935,3160.1679,0,32.695802,132.799359,3160.2183,0,32.696081,132.799783,3160.2687,0,32.696361,132.800206,3160.3191,0,32.69664,132.80063,3160.3694,0,32.69692,132.801054,3160.4198,0,32.697199,132.801477,3160.4702,0,32.697479,132.801901,3160.5206,0,32.697758,132.802325,3160.5709,0,32.698038,132.802748,3160.6213,0,32.698317,132.803172,3160.6717,0,32.698597,132.803596,3160.7221,0,32.698877,132.804019,3160.7725,0,32.699156,132.804443,3160.8228,0,32.699436,132.804867,3160.8732,0,32.699715,132.80529,3160.9236,0,32.699995,132.805714,3160.974,0,32.700274,132.806138,3161.0243,0,32.700553,132.806561,3161.0747,0,32.700833,132.806985,3161.1251,0,32.701112,132.807409,3161.1754,0,32.701392,132.807833,3161.2258,0,32.701671,132.808256,3161.2762,0,32.701951,132.80868,3161.3266,0,32.70223,132.809104,3161.3769,0,32.70251,132.809527,3161.4273,0,32.702789,132.809951,3161.4777,0,32.703069,132.810375,3161.528,0,32.703348,132.810798,3161.5784,0,32.703628,132.811222,3161.6288,0,32.703907,132.811646,3161.6792,0,32.704187,132.812069,3161.7295,0,32.704466,132.812493,3161.7799,0,32.704745,132.812917,3161.8303,0,32.705025,132.81334,3161.8806,0,32.705304,132.813764,3161.931,0,32.705584,132.814188,3161.9814,0,32.705863,132.814611,3162.0317,0,32.706143,132.815035,3162.0821,0,32.706422,132.815459,3162.1325,0,32.706701,132.815883,3162.1828,0,32.706981,132.816306,3162.2332,0,32.70726,132.81673,3162.2836,0,32.70754,132.817154,3162.3339,0,32.707819,132.817577,3162.3843,0,32.708098,132.818001,3162.4347,0,32.708378,132.818425,3162.485,0,32.708657,132.818848,3162.5354,0,32.708937,132.819272,3162.5858,0,32.709216,132.819696,3162.6361,0,32.709495,132.820119,3162.6865,0,32.709775,132.820543,3162.7368,0,32.710054,132.820967,3162.7872,0,32.710334,132.82139,3162.8376,0,32.710613,132.821814,3162.8879,0,32.710892,132.822238,3162.9383,0,32.711172,132.822661,3162.9887,0,32.711451,132.823085,3163.039,0,32.71173,132.823509,3163.0894,0,32.71201,132.823933,3163.1397,0,32.712289,132.824356,3163.1901,0,32.712569,132.82478,3163.2405,0,32.712848,132.825204,3163.2908,0,32.713127,132.825627,3163.3412,0,32.713407,132.826051,3163.3915,0,32.713686,132.826475,3163.4419,0,32.713965,132.826898,3163.4923,0,32.714245,132.827322,3163.5426,0,32.714524,132.827746,3163.593,0,32.714803,132.828169,3163.6433,0,32.715083,132.828593,3163.6937,0,32.715362,132.829017,3163.744,0,32.715641,132.82944,3163.7944,0,32.71592,132.829864,3163.8448,0,32.7162,132.830288,3163.8951,0,32.716479,132.830711,3163.9455,0,32.716758,132.831135,3163.9958,0,32.717038,132.831559,3164.0462,0,32.717317,132.831983,3164.0965,0,32.717596,132.832406,3164.1469,0,32.717876,132.83283,3164.1972,0,32.718155,132.833254,3164.2476,0,32.718434,132.833677,3164.298,0,32.718713,132.834101,3164.3483,0,32.718993,132.834525,3164.3987,0,32.719272,132.834948,3164.449,0,32.719551,132.835372,3164.4994,0,32.719831,132.835796,3164.5497,0,32.72011,132.836219,3164.6001,0,32.720389,132.836643,3164.6504,0,32.720668,132.837067,3164.7008,0,32.720948,132.83749,3164.7511,0,32.721227,132.837914,3164.8015,0,32.721506,132.838338,3164.8518,0,32.721785,132.838761,3164.9022,0,32.722065,132.839185,3164.9525,0,32.722344,132.839609,3165.0029,0,32.722623,132.840033,3165.0532,0,32.722902,132.840456,3165.1036,0,32.723182,132.84088,3165.1539,0,32.723461,132.841304,3165.2043,0,32.72374,132.841727,3165.2546,0,32.724019,132.842151,3165.305,0,32.724298,132.842575,3165.3553,0,32.724578,132.842998,3165.4056,0,32.724857,132.843422,3165.456,0,32.725136,132.843846,3165.5063,0,32.725415,132.844269,3165.5567,0,32.725694,132.844693,3165.607,0,32.725974,132.845117,3165.6574,0,32.726253,132.84554,3165.7077,0,32.726532,132.845964,3165.7581,0,32.726811,132.846388,3165.8084,0,32.72709,132.846812,3165.8587,0,32.72737,132.847235,3165.9091,0,32.727649,132.847659,3165.9594,0,32.727928,132.848083,3166.0098,0,32.728207,132.848506,3166.0601,0,32.728486,132.84893,3166.1105,0,32.728765,132.849354,3166.1608,0,32.729045,132.849777,3166.2111,0,32.729324,132.850201,3166.2615,0,32.729603,132.850625,3166.3118,0,32.729882,132.851048,3166.3622,0,32.730161,132.851472,3166.4125,0,32.73044,132.851896,3166.4628,0,32.73072,132.852319,3166.5132,0,32.730999,132.852743,3166.5635,0,32.731278,132.853167,3166.6139,0,32.731557,132.85359,3166.6642,0,32.731836,132.854014,3166.7145,0,32.732115,132.854438,3166.7649,0,32.732394,132.854862,3166.8152,0,32.732674,132.855285,3166.8656,0,32.732953,132.855709,3166.9159,0,32.733232,132.856133,3166.9662,0,32.733511,132.856556,3167.0166,0,32.73379,132.85698,3167.0669,0,32.734069,132.857404,3167.1172,0,32.734348,132.857827,3167.1676,0,32.734627,132.858251,3167.2179,0,32.734906,132.858675,3167.2682,0,32.735185,132.859098,3167.3186,0,32.735465,132.859522,3167.3689,0,32.735744,132.859946,3167.4192,0,32.736023,132.860369,3167.4696,0,32.736302,132.860793,3167.5199,0,32.736581,132.861217,3167.5702,0,32.73686,132.86164,3167.6206,0,32.737139,132.862064,3167.6709,0,32.737418,132.862488,3167.7212,0,32.737697,132.862912,3167.7716,0,32.737976,132.863335,3167.8219,0,32.738255,132.863759,3167.8722,0,32.738534,132.864183,3167.9226,0,32.738813,132.864606,3167.9729,0,32.739092,132.86503,3168.0232,0,32.739372,132.865454,3168.0736,0,32.739651,132.865877,3168.1239,0,32.73993,132.866301,3168.1742,0,32.740209,132.866725,3168.2245,0,32.740488,132.867148,3168.2749,0,32.740767,132.867572,3168.3252,0,32.741046,132.867996,3168.3755,0,32.741325,132.868419,3168.4259,0,32.741604,132.868843,3168.4762,0,32.741883,132.869267,3168.5265,0,32.742162,132.86969,3168.5768,0,32.742441,132.870114,3168.6272,0,32.74272,132.870538,3168.6775,0,32.742999,132.870962,3168.7278,0,32.743278,132.871385,3168.7781,0,32.743557,132.871809,3168.8285,0,32.743836,132.872233,3168.8788,0,32.744115,132.872656,3168.9291,0,32.744394,132.87308,3168.9794,0,32.744673,132.873504,3169.0298,0,32.744952,132.873927,3169.0801,0,32.745231,132.874351,3169.1304,0,32.74551,132.874775,3169.1807,0,32.745789,132.875198,3169.2311,0,32.746068,132.875622,3169.2814,0,32.746347,132.876046,3169.3317,0,32.746626,132.876469,3169.382,0,32.746905,132.876893,3169.4323,0,32.747184,132.877317,3169.4827,0,32.747463,132.87774,3169.533,0,32.747741,132.878164,3169.5833,0,32.74802,132.878588,3169.6336,0,32.748299,132.879012,3169.6839,0,32.748578,132.879435,3169.7343,0,32.748857,132.879859,3169.7846,0,32.749136,132.880283,3169.8349,0,32.749415,132.880706,3169.8852,0,32.749694,132.88113,3169.9355,0,32.749973,132.881554,3169.9859,0,32.750252,132.881977,3170.0362,0,32.750531,132.882401,3170.0865,0,32.75081,132.882825,3170.1368,0,32.751089,132.883248,3170.1871,0,32.751368,132.883672,3170.2374,0,32.751646,132.884096,3170.2878,0,32.751925,132.884519,3170.3381,0,32.752204,132.884943,3170.3884,0,32.752483,132.885367,3170.4387,0,32.752762,132.88579,3170.489,0,32.753041,132.886214,3170.5393,0,32.75332,132.886638,3170.5896,0,32.753599,132.887062,3170.64,0,32.753878,132.887485,3170.6903,0,32.754157,132.887909,3170.7406,0,32.754435,132.888333,3170.7909,0,32.754714,132.888756,3170.8412,0,32.754993,132.88918,3170.8915,0,32.755272,132.889604,3170.9418,0,32.755551,132.890027,3170.9921,0,32.75583,132.890451,3171.0425,0,32.756109,132.890875,3171.0928,0,32.756387,132.891298,3171.1431,0,32.756666,132.891722,3171.1934,0,32.756945,132.892146,3171.2437,0,32.757224,132.892569,3171.294,0,32.757503,132.892993,3171.3443,0,32.757782,132.893417,3171.3946,0,32.75806,132.89384,3171.4449,0,32.758339,132.894264,3171.4952,0,32.758618,132.894688,3171.5455,0,32.758897,132.895112,3171.5959,0,32.759176,132.895535,3171.6462,0,32.759455,132.895959,3171.6965,0,32.759733,132.896383,3171.7468,0,32.760012,132.896806,3171.7971,0,32.760291,132.89723,3171.8474,0,32.76057,132.897654,3171.8977,0,32.760849,132.898077,3171.948,0,32.761127,132.898501,3171.9983,0,32.761406,132.898925,3172.0486,0,32.761685,132.899348,3172.0989,0,32.761964,132.899772,3172.1492,0,32.762243,132.900196,3172.1995,0,32.762521,132.900619,3172.2498,0,32.7628,132.901043,3172.3001,0,32.763079,132.901467,3172.3504,0,32.763358,132.90189,3172.4007,0,32.763637,132.902314,3172.451,0,32.763915,132.902738,3172.5013,0,32.764194,132.903162,3172.5516,0,32.764473,132.903585,3172.6019,0,32.764752,132.904009,3172.6522,0,32.76503,132.904433,3172.7025,0,32.765309,132.904856,3172.7528,0,32.765588,132.90528,3172.8031,0,32.765867,132.905704,3172.8534,0,32.766145,132.906127,3172.9037,0,32.766424,132.906551,3172.954,0,32.766703,132.906975,3173.0043,0,32.766982,132.907398,3173.0546,0,32.76726,132.907822,3173.1049,0,32.767539,132.908246,3173.1552,0,32.767818,132.908669,3173.2055,0,32.768096,132.909093,3173.2558,0,32.768375,132.909517,3173.3061,0,32.768654,132.90994,3173.3564,0,32.768933,132.910364,3173.4067,0,32.769211,132.910788,3173.457,0,32.76949,132.911212,3173.5073,0,32.769769,132.911635,3173.5576,0,32.770047,132.912059,3173.6079,0,32.770326,132.912483,3173.6582,0,32.770605,132.912906,3173.7085,0,32.770883,132.91333,3173.7588,0,32.771162,132.913754,3173.8091,0,32.771441,132.914177,3173.8594,0,32.77172,132.914601,3173.9097,0,32.771998,132.915025,3173.96,0,32.772277,132.915448,3174.0103,0,32.772556,132.915872,3174.0605,0,32.772834,132.916296,3174.1108,0,32.773113,132.916719,3174.1611,0,32.773392,132.917143,3174.2114,0,32.77367,132.917567,3174.2617,0,32.773949,132.917991,3174.312,0,32.774228,132.918414,3174.3623,0,32.774506,132.918838,3174.4126,0,32.774785,132.919262,3174.4629,0,32.775063,132.919685,3174.5132,0,32.775342,132.920109,3174.5634,0,32.775621,132.920533,3174.6137,0,32.775899,132.920956,3174.664,0,32.776178,132.92138,3174.7143,0,32.776457,132.921804,3174.7646,0,32.776735,132.922227,3174.8149,0,32.777014,132.922651,3174.8652,0,32.777292,132.923075,3174.9155,0,32.777571,132.923498,3174.9658,0,32.77785,132.923922,3175.016,0,32.778128,132.924346,3175.0663,0,32.778407,132.924769,3175.1166,0,32.778685,132.925193,3175.1669,0,32.778964,132.925617,3175.2172,0,32.779243,132.926041,3175.2675,0,32.779521,132.926464,3175.3177,0,32.7798,132.926888,3175.368,0,32.780078,132.927312,3175.4183,0,32.780357,132.927735,3175.4686,0,32.780636,132.928159,3175.5189,0.067993,32.780914,132.928583,3175.5692,0.082999,32.781193,132.929006,3175.6194,0,32.781471,132.92943,3175.6697,0.052605,32.78175,132.929854,3175.72,0.7663,32.782028,132.930277,3175.7703,2.7805,32.782307,132.930701,3175.8206,5.357,32.782586,132.931125,3175.8709,7.8851,32.782864,132.931548,3175.9211,7.8475,32.783143,132.931972,3175.9714,7.067,32.783421,132.932396,3176.0217,5.8786,32.7837,132.932819,3176.072,2.7339,32.783978,132.933243,3176.1223,1.3943,32.784257,132.933667,3176.1725,0.30406,32.784535,132.934091,3176.2228,0,32.784814,132.934514,3176.2731,0.0082669,32.785092,132.934938,3176.3234,0,32.785371,132.935362,3176.3736,0,32.785649,132.935785,3176.4239,2.1321,32.785928,132.936209,3176.4742,8.4986,32.786207,132.936633,3176.5245,15.3912,32.786485,132.937056,3176.5748,25.5769,32.786764,132.93748,3176.625,32.5716,32.787042,132.937904,3176.6753,34.5294,32.787321,132.938327,3176.7256,31.3124,32.787599,132.938751,3176.7759,21.1492,32.787878,132.939175,3176.8261,14.823,32.788156,132.939598,3176.8764,5.9799,32.788435,132.940022,3176.9267,5.9525,32.788713,132.940446,3176.977,6.511,32.788991,132.940869,3177.0272,5.8537,32.78927,132.941293,3177.0775,5.4907,32.789548,132.941717,3177.1278,5.9104,32.789827,132.942141,3177.178,7.988,32.790105,132.942564,3177.2283,18.2562,32.790384,132.942988,3177.2786,32.1201,32.790662,132.943412,3177.3289,44.6922,32.790941,132.943835,3177.3791,49.4574,32.791219,132.944259,3177.4294,41.3563,32.791498,132.944683,3177.4797,36.8022,32.791776,132.945106,3177.5299,45.9294,32.792055,132.94553,3177.5802,57.3003,32.792333,132.945954,3177.6305,62.5835,32.792611,132.946377,3177.6808,66.598,32.79289,132.946801,3177.731,65.5597,32.793168,132.947225,3177.7813,58.5626,32.793447,132.947648,3177.8316,61.6291,32.793725,132.948072,3177.8818,70.4139,32.794004,132.948496,3177.9321,73.8724,32.794282,132.948919,3177.9824,63.753,32.79456,132.949343,3178.0326,49.2449,32.794839,132.949767,3178.0829,39.0948,32.795117,132.950191,3178.1332,31.7195,32.795396,132.950614,3178.1834,33.3854,32.795674,132.951038,3178.2337,42.3209,32.795953,132.951462,3178.284,43.4202,32.796231,132.951885,3178.3342,38.239,32.796509,132.952309,3178.3845,38.7147,32.796788,132.952733,3178.4348,41.017,32.797066,132.953156,3178.485,40.1821,32.797344,132.95358,3178.5353,39.3543,32.797623,132.954004,3178.5856,33.7936,32.797901,132.954427,3178.6358,25.6167,32.79818,132.954851,3178.6861,22.7714,32.798458,132.955275,3178.7363,24.0034,32.798736,132.955698,3178.7866,23.4587,32.799015,132.956122,3178.8369,24.2769,32.799293,132.956546,3178.8871,26.422,32.799571,132.956969,3178.9374,26.1105,32.79985,132.957393,3178.9877,28.4582,32.800128,132.957817,3179.0379,30.6323,32.800407,132.958241,3179.0882,29.7616,32.800685,132.958664,3179.1384,27.2529,32.800963,132.959088,3179.1887,21.5773,32.801242,132.959512,3179.239,17.26,32.80152,132.959935,3179.2892,16.7194,32.801798,132.960359,3179.3395,18.6393,32.802077,132.960783,3179.3897,22.9707,32.802355,132.961206,3179.44,25.0211,32.802633,132.96163,3179.4903,20.8145,32.802912,132.962054,3179.5405,16.8823,32.80319,132.962477,3179.5908,9.5922,32.803468,132.962901,3179.641,2.1199,32.803747,132.963325,3179.6913,0.42641,32.804025,132.963748,3179.7415,0,32.804303,132.964172,3179.7918,0,32.804581,132.964596,3179.8421,0,32.80486,132.965019,3179.8923,0,32.805138,132.965443,3179.9426,0,32.805416,132.965867,3179.9928,0,32.805695,132.966291,3180.0431,0,32.805973,132.966714,3180.0933,0,32.806251,132.967138,3180.1436,0,32.80653,132.967562,3180.1938,0,32.806808,132.967985,3180.2441,0,32.807086,132.968409,3180.2943,0,32.807364,132.968833,3180.3446,0,32.807643,132.969256,3180.3948,0,32.807921,132.96968,3180.4451,0,32.808199,132.970104,3180.4954,0,32.808477,132.970527,3180.5456,0,32.808756,132.970951,3180.5959,0,32.809034,132.971375,3180.6461,0,32.809312,132.971798,3180.6964,0,32.80959,132.972222,3180.7466,0,32.809869,132.972646,3180.7969,0,32.810147,132.973069,3180.8471,0,32.810425,132.973493,3180.8974,0,32.810703,132.973917,3180.9476,0,32.810982,132.974341,3180.9979,0,32.81126,132.974764,3181.0481,0,32.811538,132.975188,3181.0984,0,32.811816,132.975612,3181.1486,0,32.812095,132.976035,3181.1988,0,32.812373,132.976459,3181.2491,0,32.812651,132.976883,3181.2993,0,32.812929,132.977306,3181.3496,0,32.813207,132.97773,3181.3998,0,32.813486,132.978154,3181.4501,0,32.813764,132.978577,3181.5003,0,32.814042,132.979001,3181.5506,0,32.81432,132.979425,3181.6008,0,32.814598,132.979848,3181.6511,0,32.814877,132.980272,3181.7013,0,32.815155,132.980696,3181.7515,0,32.815433,132.981119,3181.8018,0,32.815711,132.981543,3181.852,0,32.815989,132.981967,3181.9023,0,32.816267,132.982391,3181.9525,0,32.816546,132.982814,3182.0028,0,32.816824,132.983238,3182.053,0,32.817102,132.983662,3182.1032,0,32.81738,132.984085,3182.1535,0,32.817658,132.984509,3182.2037,0,32.817936,132.984933,3182.254,0,32.818215,132.985356,3182.3042,0,32.818493,132.98578,3182.3545,0,32.818771,132.986204,3182.4047,0,32.819049,132.986627,3182.4549,0,32.819327,132.987051,3182.5052,0,32.819605,132.987475,3182.5554,0,32.819883,132.987898,3182.6056,0,32.820162,132.988322,3182.6559,0,32.82044,132.988746,3182.7061,0,32.820718,132.98917,3182.7564,0,32.820996,132.989593,3182.8066,0,32.821274,132.990017,3182.8568,0,32.821552,132.990441,3182.9071,0,32.82183,132.990864,3182.9573,0,32.822108,132.991288,3183.0075,0,32.822386,132.991712,3183.0578,0,32.822665,132.992135,3183.108,0,32.822943,132.992559,3183.1583,0,32.823221,132.992983,3183.2085,0,32.823499,132.993406,3183.2587,0,32.823777,132.99383,3183.309,0,32.824055,132.994254,3183.3592,0,32.824333,132.994677,3183.4094,0,32.824611,132.995101,3183.4597,0,32.824889,132.995525,3183.5099,0,32.825167,132.995948,3183.5601,0,32.825445,132.996372,3183.6104,0,32.825723,132.996796,3183.6606,0,32.826001,132.99722,3183.7108,0,32.82628,132.997643,3183.7611,0,32.826558,132.998067,3183.8113,0,32.826836,132.998491,3183.8615,0,32.827114,132.998914,3183.9117,0,32.827392,132.999338,3183.962,0,32.82767,132.999762,3184.0122,0,32.827948,133.000185,3184.0624,0,32.828226,133.000609,3184.1127,0,32.828504,133.001033,3184.1629,0,32.828782,133.001456,3184.2131,0,32.82906,133.00188,3184.2634,0,32.829338,133.002304,3184.3136,0,32.829616,133.002727,3184.3638,0,32.829894,133.003151,3184.414,0,32.830172,133.003575,3184.4643,0,32.83045,133.003998,3184.5145,0,32.830728,133.004422,3184.5647,0,32.831006,133.004846,3184.6149,0,32.831284,133.00527,3184.6652,0,32.831562,133.005693,3184.7154,0,32.83184,133.006117,3184.7656,0,32.832118,133.006541,3184.8158,0,32.832396,133.006964,3184.8661,0,32.832674,133.007388,3184.9163,0,32.832952,133.007812,3184.9665,0,32.83323,133.008235,3185.0167,0,32.833508,133.008659,3185.067,0,32.833786,133.009083,3185.1172,0,32.834064,133.009506,3185.1674,0,32.834342,133.00993,3185.2176,0,32.83462,133.010354,3185.2679,0,32.834898,133.010777,3185.3181,0,32.835176,133.011201,3185.3683,0,32.835454,133.011625,3185.4185,0,32.835732,133.012048,3185.4687,0,32.83601,133.012472,3185.519,0,32.836288,133.012896,3185.5692,0,32.836565,133.01332,3185.6194,0,32.836843,133.013743,3185.6696,0,32.837121,133.014167,3185.7198,0,32.837399,133.014591,3185.7701,0,32.837677,133.015014,3185.8203,0,32.837955,133.015438,3185.8705,0,32.838233,133.015862,3185.9207,0,32.838511,133.016285,3185.9709,0,32.838789,133.016709,3186.0211,0,32.839067,133.017133,3186.0714,0,32.839345,133.017556,3186.1216,0,32.839623,133.01798,3186.1718,0,32.839901,133.018404,3186.222,0,32.840178,133.018827,3186.2722,0,32.840456,133.019251,3186.3224,0,32.840734,133.019675,3186.3727,0,32.841012,133.020098,3186.4229,0,32.84129,133.020522,3186.4731,0,32.841568,133.020946,3186.5233,0,32.841846,133.02137,3186.5735,0,32.842124,133.021793,3186.6237,0,32.842401,133.022217,3186.6739,0,32.842679,133.022641,3186.7242,0,32.842957,133.023064,3186.7744,0,32.843235,133.023488,3186.8246,0,32.843513,133.023912,3186.8748,0,32.843791,133.024335,3186.925,0,32.844069,133.024759,3186.9752,0,32.844347,133.025183,3187.0254,0,32.844624,133.025606,3187.0756,0,32.844902,133.02603,3187.1258,0,32.84518,133.026454,3187.1761,0,32.845458,133.026877,3187.2263,0,32.845736,133.027301,3187.2765,0,32.846014,133.027725,3187.3267,0,32.846291,133.028148,3187.3769,0,32.846569,133.028572,3187.4271,0,32.846847,133.028996,3187.4773,0,32.847125,133.02942,3187.5275,0,32.847403,133.029843,3187.5777,0,32.847681,133.030267,3187.6279,0,32.847958,133.030691,3187.6781,0,32.848236,133.031114,3187.7283,0,32.848514,133.031538,3187.7786,0,32.848792,133.031962,3187.8288,0,32.84907,133.032385,3187.879,0,32.849347,133.032809,3187.9292,0,32.849625,133.033233,3187.9794,0,32.849903,133.033656,3188.0296,0,32.850181,133.03408,3188.0798,0,32.850458,133.034504,3188.13,0,32.850736,133.034927,3188.1802,0,32.851014,133.035351,3188.2304,0,32.851292,133.035775,3188.2806,0,32.85157,133.036198,3188.3308,0,32.851847,133.036622,3188.381,0,32.852125,133.037046,3188.4312,0,32.852403,133.03747,3188.4814,0,32.852681,133.037893,3188.5316,0,32.852958,133.038317,3188.5818,0,32.853236,133.038741,3188.632,0,32.853514,133.039164,3188.6822,0,32.853792,133.039588,3188.7324,0,32.854069,133.040012,3188.7826,0,32.854347,133.040435,3188.8328,0,32.854625,133.040859,3188.883,0,32.854903,133.041283,3188.9332,0,32.85518,133.041706,3188.9834,0,32.855458,133.04213,3189.0336,0,32.855736,133.042554,3189.0838,0,32.856013,133.042977,3189.134,0,32.856291,133.043401,3189.1842,0,32.856569,133.043825,3189.2344,0,32.856847,133.044248,3189.2846,0,32.857124,133.044672,3189.3348,0,32.857402,133.045096,3189.385,0,32.85768,133.04552,3189.4352,0,32.857957,133.045943,3189.4854,0,32.858235,133.046367,3189.5356,0,32.858513,133.046791,3189.5858,0,32.85879,133.047214,3189.636,0,32.859068,133.047638,3189.6862,0,32.859346,133.048062,3189.7364,0,32.859624,133.048485,3189.7866,0,32.859901,133.048909,3189.8367,0,32.860179,133.049333,3189.8869,0,32.860457,133.049756,3189.9371,0,32.860734,133.05018,3189.9873,0,32.861012,133.050604,3190.0375,0,32.86129,133.051027,3190.0877,0,32.861567,133.051451,3190.1379,0,32.861845,133.051875,3190.1881,0,32.862123,133.052298,3190.2383,0,32.8624,133.052722,3190.2885,0,32.862678,133.053146,3190.3387,0,32.862955,133.05357,3190.3889,0,32.863233,133.053993,3190.439,0,32.863511,133.054417,3190.4892,0,32.863788,133.054841,3190.5394,0,32.864066,133.055264,3190.5896,0,32.864344,133.055688,3190.6398,0,32.864621,133.056112,3190.69,0,32.864899,133.056535,3190.7402,0,32.865176,133.056959,3190.7904,0,32.865454,133.057383,3190.8405,0,32.865732,133.057806,3190.8907,0,32.866009,133.05823,3190.9409,0,32.866287,133.058654,3190.9911,0,32.866564,133.059077,3191.0413,0,32.866842,133.059501,3191.0915,0,32.86712,133.059925,3191.1417,0,32.867397,133.060348,3191.1918,0,32.867675,133.060772,3191.242,0,32.867952,133.061196,3191.2922,0,32.86823,133.06162,3191.3424,0,32.868508,133.062043,3191.3926,0,32.868785,133.062467,3191.4428,0,32.869063,133.062891,3191.493,0,32.86934,133.063314,3191.5431,0,32.869618,133.063738,3191.5933,0,32.869895,133.064162,3191.6435,0,32.870173,133.064585,3191.6937,0,32.870451,133.065009,3191.7439,0,32.870728,133.065433,3191.794,0,32.871006,133.065856,3191.8442,0,32.871283,133.06628,3191.8944,0,32.871561,133.066704,3191.9446,0,32.871838,133.067127,3191.9948,0,32.872116,133.067551,3192.0449,0,32.872393,133.067975,3192.0951,0,32.872671,133.068399,3192.1453,0,32.872948,133.068822,3192.1955,0,32.873226,133.069246,3192.2457,0,32.873503,133.06967,3192.2958,0,32.873781,133.070093,3192.346,0,32.874058,133.070517,3192.3962,0,32.874336,133.070941,3192.4464,0,32.874613,133.071364,3192.4965,0,32.874891,133.071788,3192.5467,0,32.875168,133.072212,3192.5969,0,32.875446,133.072635,3192.6471,0,32.875723,133.073059,3192.6973,0,32.876001,133.073483,3192.7474,0,32.876278,133.073906,3192.7976,0,32.876556,133.07433,3192.8478,0,32.876833,133.074754,3192.898,0,32.877111,133.075177,3192.9481,0,32.877388,133.075601,3192.9983,0,32.877666,133.076025,3193.0485,0,32.877943,133.076449,3193.0986,0,32.878221,133.076872,3193.1488,0,32.878498,133.077296,3193.199,0,32.878776,133.07772,3193.2492,0,32.879053,133.078143,3193.2993,0,32.879331,133.078567,3193.3495,0,32.879608,133.078991,3193.3997,0,32.879886,133.079414,3193.4498,0,32.880163,133.079838,3193.5,0,32.88044,133.080262,3193.5502,0,32.880718,133.080685,3193.6004,0,32.880995,133.081109,3193.6505,0,32.881273,133.081533,3193.7007,0,32.88155,133.081956,3193.7509,0,32.881828,133.08238,3193.801,0,32.882105,133.082804,3193.8512,0,32.882382,133.083227,3193.9014,0,32.88266,133.083651,3193.9515,0,32.882937,133.084075,3194.0017,0,32.883215,133.084499,3194.0519,0,32.883492,133.084922,3194.102,0,32.883769,133.085346,3194.1522,0,32.884047,133.08577,3194.2024,0,32.884324,133.086193,3194.2525,0,32.884602,133.086617,3194.3027,0,32.884879,133.087041,3194.3529,0,32.885156,133.087464,3194.403,0,32.885434,133.087888,3194.4532,0,32.885711,133.088312,3194.5034,0,32.885989,133.088735,3194.5535,0,32.886266,133.089159,3194.6037,0,32.886543,133.089583,3194.6539,0,32.886821,133.090006,3194.704,0,32.887098,133.09043,3194.7542,0,32.887375,133.090854,3194.8043,0,32.887653,133.091277,3194.8545,0,32.88793,133.091701,3194.9047,0,32.888207,133.092125,3194.9548,0,32.888485,133.092549,3195.005,0,32.888762,133.092972,3195.0551,0,32.889039,133.093396,3195.1053,0,32.889317,133.09382,3195.1555,0,32.889594,133.094243,3195.2056,0,32.889871,133.094667,3195.2558,0,32.890149,133.095091,3195.3059,0,32.890426,133.095514,3195.3561,0,32.890703,133.095938,3195.4063,0,32.890981,133.096362,3195.4564,0,32.891258,133.096785,3195.5066,0,32.891535,133.097209,3195.5567,0,32.891813,133.097633,3195.6069,0,32.89209,133.098056,3195.6571,0,32.892367,133.09848,3195.7072,0,32.892645,133.098904,3195.7574,0,32.892922,133.099327,3195.8075,0,32.893199,133.099751,3195.8577,0,32.893477,133.100175,3195.9078,0,32.893754,133.100599,3195.958,0,32.894031,133.101022,3196.0081,0,32.894308,133.101446,3196.0583,0,32.894586,133.10187,3196.1085,0,32.894863,133.102293,3196.1586,0,32.89514,133.102717,3196.2088,0,32.895417,133.103141,3196.2589,0,32.895695,133.103564,3196.3091,0,32.895972,133.103988,3196.3592,0,32.896249,133.104412,3196.4094,0,32.896527,133.104835,3196.4595,0,32.896804,133.105259,3196.5097,0,32.897081,133.105683,3196.5598,0,32.897358,133.106106,3196.61,0,32.897636,133.10653,3196.6601,0,32.897913,133.106954,3196.7103,0,32.89819,133.107377,3196.7604,0,32.898467,133.107801,3196.8106,0,32.898744,133.108225,3196.8607,0,32.899022,133.108649,3196.9109,0,32.899299,133.109072,3196.961,0,32.899576,133.109496,3197.0112,0,32.899853,133.10992,3197.0613,0,32.900131,133.110343,3197.1115,0,32.900408,133.110767,3197.1616,0,32.900685,133.111191,3197.2118,0,32.900962,133.111614,3197.2619,0,32.901239,133.112038,3197.3121,0,32.901517,133.112462,3197.3622,0,32.901794,133.112885,3197.4124,0,32.902071,133.113309,3197.4625,0,32.902348,133.113733,3197.5126,0,32.902625,133.114156,3197.5628,0,32.902903,133.11458,3197.6129,0,32.90318,133.115004,3197.6631,0,32.903457,133.115427,3197.7132,0,32.903734,133.115851,3197.7634,0,32.904011,133.116275,3197.8135,0,32.904288,133.116699,3197.8637,0,32.904566,133.117122,3197.9138,0,32.904843,133.117546,3197.9639,0,32.90512,133.11797,3198.0141,0,32.905397,133.118393,3198.0642,0,32.905674,133.118817,3198.1144,0,32.905951,133.119241,3198.1645,0,32.906229,133.119664,3198.2146,0,32.906506,133.120088,3198.2648,0,32.906783,133.120512,3198.3149,0,32.90706,133.120935,3198.3651,0,32.907337,133.121359,3198.4152,0,32.907614,133.121783,3198.4653,0,32.907891,133.122206,3198.5155,0,32.908168,133.12263,3198.5656,0,32.908446,133.123054,3198.6158,0,32.908723,133.123477,3198.6659,0,32.909,133.123901,3198.716,0,32.909277,133.124325,3198.7662,0,32.909554,133.124749,3198.8163,0,32.909831,133.125172,3198.8664,0,32.910108,133.125596,3198.9166,0,32.910385,133.12602,3198.9667,0,32.910662,133.126443,3199.0169,0,32.91094,133.126867,3199.067,0,32.911217,133.127291,3199.1171,0,32.911494,133.127714,3199.1673,0,32.911771,133.128138,3199.2174,0,32.912048,133.128562,3199.2675,0,32.912325,133.128985,3199.3177,0,32.912602,133.129409,3199.3678,0,32.912879,133.129833,3199.4179,0,32.913156,133.130256,3199.4681,0,32.913433,133.13068,3199.5182,0,32.91371,133.131104,3199.5683,0,32.913987,133.131527,3199.6185,0,32.914264,133.131951,3199.6686,0,32.914541,133.132375,3199.7187,0,32.914819,133.132799,3199.7689,0,32.915096,133.133222,3199.819,0,32.915373,133.133646,3199.8691,0,32.91565,133.13407,3199.9193,0,32.915927,133.134493,3199.9694,0,32.916204,133.134917,3200.0195,0,32.916481,133.135341,3200.0696,0,32.916758,133.135764,3200.1198,0,32.917035,133.136188,3200.1699,0,32.917312,133.136612,3200.22,0,32.917589,133.137035,3200.2702,0,32.917866,133.137459,3200.3203,0,32.918143,133.137883,3200.3704,0,32.91842,133.138306,3200.4205,0,32.918697,133.13873,3200.4707,0,32.918974,133.139154,3200.5208,0,32.919251,133.139578,3200.5709,0,32.919528,133.140001,3200.621,0,32.919805,133.140425,3200.6712,0,32.920082,133.140849,3200.7213,0,32.920359,133.141272,3200.7714,0,32.920636,133.141696,3200.8215,0,32.920913,133.14212,3200.8717,0,32.92119,133.142543,3200.9218,0,32.921467,133.142967,3200.9719,0,32.921744,133.143391,3201.022,0,32.922021,133.143814,3201.0722,0,32.922298,133.144238,3201.1223,0,32.922575,133.144662,3201.1724,0,32.922852,133.145085,3201.2225,0,32.923129,133.145509,3201.2727,0,32.923405,133.145933,3201.3228,0,32.923682,133.146356,3201.3729,0,32.923959,133.14678,3201.423,0,32.924236,133.147204,3201.4731,0,32.924513,133.147628,3201.5233,0,32.92479,133.148051,3201.5734,0,32.925067,133.148475,3201.6235,0,32.925344,133.148899,3201.6736,0,32.925621,133.149322,3201.7237,0,32.925898,133.149746,3201.7739,0,32.926175,133.15017,3201.824,0,32.926452,133.150593,3201.8741,0,32.926729,133.151017,3201.9242,0,32.927006,133.151441,3201.9743,0,32.927282,133.151864,3202.0244,0,32.927559,133.152288,3202.0746,0,32.927836,133.152712,3202.1247,0,32.928113,133.153135,3202.1748,0,32.92839,133.153559,3202.2249,0,32.928667,133.153983,3202.275,0,32.928944,133.154406,3202.3251,0,32.929221,133.15483,3202.3753,0,32.929498,133.155254,3202.4254,0,32.929774,133.155678,3202.4755,0,32.930051,133.156101,3202.5256,0,32.930328,133.156525,3202.5757,0,32.930605,133.156949,3202.6258,0,32.930882,133.157372,3202.6759,0,32.931159,133.157796,3202.726,0,32.931436,133.15822,3202.7762,0,32.931713,133.158643,3202.8263,0,32.931989,133.159067,3202.8764,0,32.932266,133.159491,3202.9265,0,32.932543,133.159914,3202.9766,0,32.93282,133.160338,3203.0267,0,32.933097,133.160762,3203.0768,0,32.933374,133.161185,3203.1269,0,32.93365,133.161609,3203.1771,0,32.933927,133.162033,3203.2272,0,32.934204,133.162456,3203.2773,0,32.934481,133.16288,3203.3274,0,32.934758,133.163304,3203.3775,0,32.935035,133.163728,3203.4276,0,32.935311,133.164151,3203.4777,0,32.935588,133.164575,3203.5278,0,32.935865,133.164999,3203.5779,0,32.936142,133.165422,3203.628,0,32.936419,133.165846,3203.6781,0,32.936695,133.16627,3203.7282,0,32.936972,133.166693,3203.7783,0,32.937249,133.167117,3203.8285,0,32.937526,133.167541,3203.8786,0,32.937803,133.167964,3203.9287,0,32.938079,133.168388,3203.9788,0,32.938356,133.168812,3204.0289,0,32.938633,133.169235,3204.079,0,32.93891,133.169659,3204.1291,0,32.939186,133.170083,3204.1792,0,32.939463,133.170506,3204.2293,0,32.93974,133.17093,3204.2794,0,32.940017,133.171354,3204.3295,0,32.940293,133.171778,3204.3796,0,32.94057,133.172201,3204.4297,0,32.940847,133.172625,3204.4798,0,32.941124,133.173049,3204.5299,0,32.9414,133.173472,3204.58,0,32.941677,133.173896,3204.6301,0,32.941954,133.17432,3204.6802,0,32.942231,133.174743,3204.7303,0,32.942507,133.175167,3204.7804,0,32.942784,133.175591,3204.8305,0,32.943061,133.176014,3204.8806,0,32.943338,133.176438,3204.9307,0,32.943614,133.176862,3204.9808,0,32.943891,133.177285,3205.0309,0,32.944168,133.177709,3205.081,0,32.944444,133.178133,3205.1311,0,32.944721,133.178556,3205.1812,0,32.944998,133.17898,3205.2313,0,32.945275,133.179404,3205.2814,0,32.945551,133.179828,3205.3315,0,32.945828,133.180251,3205.3816,0,32.946105,133.180675,3205.4317,0,32.946381,133.181099,3205.4818,0,32.946658,133.181522,3205.5319,0,32.946935,133.181946,3205.582,0,32.947211,133.18237,3205.6321,0,32.947488,133.182793,3205.6821,0,32.947765,133.183217,3205.7322,0,32.948041,133.183641,3205.7823,0,32.948318,133.184064,3205.8324,0,32.948595,133.184488,3205.8825,0,32.948871,133.184912,3205.9326,0,32.949148,133.185335,3205.9827,0,32.949425,133.185759,3206.0328,0,32.949701,133.186183,3206.0829,0,32.949978,133.186606,3206.133,0,32.950255,133.18703,3206.1831,0,32.950531,133.187454,3206.2332,0,32.950808,133.187878,3206.2833,0,32.951085,133.188301,3206.3333,0,32.951361,133.188725,3206.3834,0,32.951638,133.189149,3206.4335,0,32.951914,133.189572,3206.4836,0,32.952191,133.189996,3206.5337,0,32.952468,133.19042,3206.5838,0,32.952744,133.190843,3206.6339,0,32.953021,133.191267,3206.684,0,32.953297,133.191691,3206.7341,0,32.953574,133.192114,3206.7841,0,32.953851,133.192538,3206.8342,0,32.954127,133.192962,3206.8843,0,32.954404,133.193385,3206.9344,0,32.95468,133.193809,3206.9845,0,32.954957,133.194233,3207.0346,0,32.955234,133.194656,3207.0847,0,32.95551,133.19508,3207.1347,0,32.955787,133.195504,3207.1848,0,32.956063,133.195928,3207.2349,0,32.95634,133.196351,3207.285,0,32.956617,133.196775,3207.3351,0,32.956893,133.197199,3207.3852,0,32.95717,133.197622,3207.4352,0,32.957446,133.198046,3207.4853,0,32.957723,133.19847,3207.5354,0,32.957999,133.198893,3207.5855,0,32.958276,133.199317,3207.6356,0,32.958552,133.199741,3207.6857,0,32.958829,133.200164,3207.7357,0,32.959106,133.200588,3207.7858,0,32.959382,133.201012,3207.8359,0,32.959659,133.201435,3207.886,0,32.959935,133.201859,3207.9361,0,32.960212,133.202283,3207.9861,0,32.960488,133.202706,3208.0362,0,32.960765,133.20313,3208.0863,0,32.961041,133.203554,3208.1364,0,32.961318,133.203978,3208.1865,0,32.961594,133.204401,3208.2365,0,32.961871,133.204825,3208.2866,0,32.962147,133.205249,3208.3367,0,32.962424,133.205672,3208.3868,0,32.9627,133.206096,3208.4368,0,32.962977,133.20652,3208.4869,0,32.963253,133.206943,3208.537,0,32.96353,133.207367,3208.5871,0,32.963806,133.207791,3208.6372,0,32.964083,133.208214,3208.6872,0,32.964359,133.208638,3208.7373,0,32.964636,133.209062,3208.7874,0,32.964912,133.209485,3208.8375,0,32.965189,133.209909,3208.8875,0,32.965465,133.210333,3208.9376,0,32.965742,133.210757,3208.9877,0,32.966018,133.21118,3209.0377,0,32.966295,133.211604,3209.0878,0,32.966571,133.212028,3209.1379,0,32.966847,133.212451,3209.188,0,32.967124,133.212875,3209.238,0,32.9674,133.213299,3209.2881,0,32.967677,133.213722,3209.3382,0,32.967953,133.214146,3209.3883,0,32.96823,133.21457,3209.4383,0,32.968506,133.214993,3209.4884,0,32.968783,133.215417,3209.5385,0,32.969059,133.215841,3209.5885,0,32.969335,133.216264,3209.6386,0,32.969612,133.216688,3209.6887,0,32.969888,133.217112,3209.7387,0,32.970165,133.217535,3209.7888,0,32.970441,133.217959,3209.8389,0,32.970717,133.218383,3209.8889,0,32.970994,133.218807,3209.939,0,32.97127,133.21923,3209.9891,0,32.971547,133.219654,3210.0391,0,32.971823,133.220078,3210.0892,0,32.972099,133.220501,3210.1393,0,32.972376,133.220925,3210.1893,0,32.972652,133.221349,3210.2394,0,32.972929,133.221772,3210.2895,0,32.973205,133.222196,3210.3395,0,32.973481,133.22262,3210.3896,0,32.973758,133.223043,3210.4397,0,32.974034,133.223467,3210.4897,0,32.974311,133.223891,3210.5398,0,32.974587,133.224314,3210.5899,0,32.974863,133.224738,3210.6399,0,32.97514,133.225162,3210.69,0,32.975416,133.225585,3210.7401,0,32.975692,133.226009,3210.7901,0,32.975969,133.226433,3210.8402,0,32.976245,133.226857,3210.8902,0,32.976521,133.22728,3210.9403,0,32.976798,133.227704,3210.9904,0,32.977074,133.228128,3211.0404,0,32.97735,133.228551,3211.0905,0,32.977627,133.228975,3211.1405,0,32.977903,133.229399,3211.1906,0,32.978179,133.229822,3211.2407,0,32.978456,133.230246,3211.2907,0,32.978732,133.23067,3211.3408,0,32.979008,133.231093,3211.3908,0,32.979285,133.231517,3211.4409,0,32.979561,133.231941,3211.491,0,32.979837,133.232364,3211.541,0,32.980114,133.232788,3211.5911,0,32.98039,133.233212,3211.6411,0,32.980666,133.233635,3211.6912,0,32.980942,133.234059,3211.7412,0,32.981219,133.234483,3211.7913,0,32.981495,133.234907,3211.8414,0,32.981771,133.23533,3211.8914,0,32.982048,133.235754,3211.9415,0,32.982324,133.236178,3211.9915,0,32.9826,133.236601,3212.0416,0,32.982876,133.237025,3212.0916,0,32.983153,133.237449,3212.1417,0,32.983429,133.237872,3212.1917,0,32.983705,133.238296,3212.2418,0,32.983981,133.23872,3212.2918,0,32.984258,133.239143,3212.3419,0,32.984534,133.239567,3212.3919,0,32.98481,133.239991,3212.442,0,32.985086,133.240414,3212.492,0,32.985363,133.240838,3212.5421,0,32.985639,133.241262,3212.5921,0,32.985915,133.241685,3212.6422,0,32.986191,133.242109,3212.6923,0,32.986468,133.242533,3212.7423,0,32.986744,133.242957,3212.7924,0,32.98702,133.24338,3212.8424,0,32.987296,133.243804,3212.8924,0,32.987572,133.244228,3212.9425,0,32.987849,133.244651,3212.9925,0,32.988125,133.245075,3213.0426,0,32.988401,133.245499,3213.0926,0,32.988677,133.245922,3213.1427,0,32.988954,133.246346,3213.1927,0,32.98923,133.24677,3213.2428,0,32.989506,133.247193,3213.2928,0,32.989782,133.247617,3213.3429,0,32.990058,133.248041,3213.3929,0,32.990334,133.248464,3213.443,0,32.990611,133.248888,3213.493,0,32.990887,133.249312,3213.5431,0,32.991163,133.249735,3213.5931,0,32.991439,133.250159,3213.6431,0,32.991715,133.250583,3213.6932,0,32.991992,133.251007,3213.7432,0,32.992268,133.25143,3213.7933,0,32.992544,133.251854,3213.8433,0,32.99282,133.252278,3213.8934,0,32.993096,133.252701,3213.9434,0,32.993372,133.253125,3213.9935,0,32.993648,133.253549,3214.0435,0,32.993925,133.253972,3214.0935,0,32.994201,133.254396,3214.1436,0,32.994477,133.25482,3214.1936,0,32.994753,133.255243,3214.2437,0,32.995029,133.255667,3214.2937,0,32.995305,133.256091,3214.3437,0,32.995581,133.256514,3214.3938,0,32.995858,133.256938,3214.4438,0,32.996134,133.257362,3214.4939,0,32.99641,133.257785,3214.5439,0,32.996686,133.258209,3214.5939,0,32.996962,133.258633,3214.644,0,32.997238,133.259057,3214.694,0,32.997514,133.25948,3214.744,0,32.99779,133.259904,3214.7941,0,32.998066,133.260328,3214.8441,0,32.998342,133.260751,3214.8942,0,32.998619,133.261175,3214.9442,0,32.998895,133.261599,3214.9942,0,32.999171,133.262022,3215.0443,0,32.999447,133.262446,3215.0943,0,32.999723,133.26287,3215.1443,0,32.999999,133.263293,3215.1944,0,33.000275,133.263717,3215.2444,0,33.000551,133.264141,3215.2944,0,33.000827,133.264564,3215.3445,0,33.001103,133.264988,3215.3945,0,33.001379,133.265412,3215.4445,0,33.001655,133.265835,3215.4946,0,33.001931,133.266259,3215.5446,0,33.002207,133.266683,3215.5946,0,33.002484,133.267107,3215.6447,0,33.00276,133.26753,3215.6947,0,33.003036,133.267954,3215.7447,0,33.003312,133.268378,3215.7948,0,33.003588,133.268801,3215.8448,0,33.003864,133.269225,3215.8948,0,33.00414,133.269649,3215.9449,0,33.004416,133.270072,3215.9949,0,33.004692,133.270496,3216.0449,0,33.004968,133.27092,3216.0949,0,33.005244,133.271343,3216.145,0,33.00552,133.271767,3216.195,0,33.005796,133.272191,3216.245,0,33.006072,133.272614,3216.2951,0,33.006348,133.273038,3216.3451,0,33.006624,133.273462,3216.3951,0,33.0069,133.273885,3216.4451,0,33.007176,133.274309,3216.4952,0,33.007452,133.274733,3216.5452,0,33.007728,133.275157,3216.5952,0,33.008004,133.27558,3216.6452,0,33.00828,133.276004,3216.6953,0,33.008556,133.276428,3216.7453,0,33.008832,133.276851,3216.7953,0,33.009108,133.277275,3216.8453,0,33.009384,133.277699,3216.8954,0,33.00966,133.278122,3216.9454,0,33.009936,133.278546,3216.9954,0,33.010212,133.27897,3217.0454,0,33.010487,133.279393,3217.0955,0,33.010763,133.279817,3217.1455,0,33.011039,133.280241,3217.1955,0,33.011315,133.280664,3217.2455,0,33.011591,133.281088,3217.2955,0,33.011867,133.281512,3217.3456,0,33.012143,133.281935,3217.3956,0,33.012419,133.282359,3217.4456,0,33.012695,133.282783,3217.4956,0,33.012971,133.283207,3217.5457,0,33.013247,133.28363,3217.5957,0,33.013523,133.284054,3217.6457,0,33.013799,133.284478,3217.6957,0,33.014075,133.284901,3217.7457,0,33.014351,133.285325,3217.7957,0,33.014626,133.285749,3217.8458,0,33.014902,133.286172,3217.8958,0,33.015178,133.286596,3217.9458,0,33.015454,133.28702,3217.9958,0,33.01573,133.287443,3218.0458,0,33.016006,133.287867,3218.0958,0,33.016282,133.288291,3218.1459,0,33.016558,133.288714,3218.1959,0,33.016834,133.289138,3218.2459,0,33.017109,133.289562,3218.2959,0,33.017385,133.289986,3218.3459,0,33.017661,133.290409,3218.3959,0,33.017937,133.290833,3218.446,0,33.018213,133.291257,3218.496,0,33.018489,133.29168,3218.546,0,33.018765,133.292104,3218.596,0,33.019041,133.292528,3218.646,0,33.019316,133.292951,3218.696,0,33.019592,133.293375,3218.746,0,33.019868,133.293799,3218.796,0,33.020144,133.294222,3218.8461,0,33.02042,133.294646,3218.8961,0,33.020696,133.29507,3218.9461,0,33.020971,133.295493,3218.9961,0,33.021247,133.295917,3219.0461,0,33.021523,133.296341,3219.0961,0,33.021799,133.296764,3219.1461,0,33.022075,133.297188,3219.1961,0,33.022351,133.297612,3219.2461,0,33.022626,133.298036,3219.2962,0,33.022902,133.298459,3219.3462,0,33.023178,133.298883,3219.3962,0,33.023454,133.299307,3219.4462,0,33.02373,133.29973,3219.4962,0,33.024005,133.300154,3219.5462,0,33.024281,133.300578,3219.5962,0,33.024557,133.301001,3219.6462,0,33.024833,133.301425,3219.6962,0,33.025109,133.301849,3219.7462,0,33.025384,133.302272,3219.7962,0,33.02566,133.302696,3219.8462,0,33.025936,133.30312,3219.8962,0,33.026212,133.303543,3219.9462,0,33.026487,133.303967,3219.9962,0,33.026763,133.304391,3220.0463,0,33.027039,133.304814,3220.0963,0,33.027315,133.305238,3220.1463,0,33.027591,133.305662,3220.1963,0,33.027866,133.306086,3220.2463,0,33.028142,133.306509,3220.2963,0,33.028418,133.306933,3220.3463,0,33.028694,133.307357,3220.3963,0,33.028969,133.30778,3220.4463,0,33.029245,133.308204,3220.4963,0,33.029521,133.308628,3220.5463,0,33.029796,133.309051,3220.5963,0,33.030072,133.309475,3220.6463,0,33.030348,133.309899,3220.6963,0,33.030624,133.310322,3220.7463,0,33.030899,133.310746,3220.7963,0,33.031175,133.31117,3220.8463,0,33.031451,133.311593,3220.8963,0,33.031727,133.312017,3220.9463,0,33.032002,133.312441,3220.9963,0,33.032278,133.312864,3221.0463,0,33.032554,133.313288,3221.0963,0,33.032829,133.313712,3221.1463,0,33.033105,133.314136,3221.1963,0,33.033381,133.314559,3221.2463,0,33.033656,133.314983,3221.2963,0,33.033932,133.315407,3221.3463,0,33.034208,133.31583,3221.3963,0,33.034483,133.316254,3221.4462,0,33.034759,133.316678,3221.4962,0,33.035035,133.317101,3221.5462,0,33.03531,133.317525,3221.5962,0,33.035586,133.317949,3221.6462,0,33.035862,133.318372,3221.6962,0,33.036137,133.318796,3221.7462,0,33.036413,133.31922,3221.7962,0,33.036689,133.319643,3221.8462,0,33.036964,133.320067,3221.8962,0,33.03724,133.320491,3221.9462,0,33.037516,133.320914,3221.9962,0,33.037791,133.321338,3222.0462,0,33.038067,133.321762,3222.0962,0,33.038343,133.322186,3222.1462,0,33.038618,133.322609,3222.1961,0,33.038894,133.323033,3222.2461,0,33.03917,133.323457,3222.2961,0,33.039445,133.32388,3222.3461,0,33.039721,133.324304,3222.3961,0,33.039996,133.324728,3222.4461,0,33.040272,133.325151,3222.4961,0,33.040548,133.325575,3222.5461,0,33.040823,133.325999,3222.5961,0,33.041099,133.326422,3222.646,0,33.041374,133.326846,3222.696,0,33.04165,133.32727,3222.746,0,33.041926,133.327693,3222.796,0,33.042201,133.328117,3222.846,0,33.042477,133.328541,3222.896,0,33.042752,133.328964,3222.946,0,33.043028,133.329388,3222.996,0,33.043304,133.329812,3223.0459,0,33.043579,133.330236,3223.0959,0,33.043855,133.330659,3223.1459,0,33.04413,133.331083,3223.1959,0,33.044406,133.331507,3223.2459,0,33.044681,133.33193,3223.2959,0,33.044957,133.332354,3223.3458,0,33.045233,133.332778,3223.3958,0,33.045508,133.333201,3223.4458,0,33.045784,133.333625,3223.4958,0,33.046059,133.334049,3223.5458,0,33.046335,133.334472,3223.5958,0,33.04661,133.334896,3223.6457,0,33.046886,133.33532,3223.6957,0,33.047161,133.335743,3223.7457,0,33.047437,133.336167,3223.7957,0,33.047712,133.336591,3223.8457,0,33.047988,133.337014,3223.8956,0,33.048263,133.337438,3223.9456,0,33.048539,133.337862,3223.9956,0,33.048814,133.338286,3224.0456,0,33.04909,133.338709,3224.0956,0,33.049366,133.339133,3224.1455,0,33.049641,133.339557,3224.1955,0,33.049917,133.33998,3224.2455,0,33.050192,133.340404,3224.2955,0,33.050468,133.340828,3224.3455,0,33.050743,133.341251,3224.3954,0,33.051019,133.341675,3224.4454,0,33.051294,133.342099,3224.4954,0,33.051569,133.342522,3224.5454,0,33.051845,133.342946,3224.5953,0,33.05212,133.34337,3224.6453,0,33.052396,133.343793,3224.6953,0,33.052671,133.344217,3224.7453,0,33.052947,133.344641,3224.7952,0,33.053222,133.345064,3224.8452,0,33.053498,133.345488,3224.8952,0,33.053773,133.345912,3224.9452,0,33.054049,133.346336,3224.9951,0,33.054324,133.346759,3225.0451,0,33.0546,133.347183,3225.0951,0,33.054875,133.347607,3225.1451,0,33.05515,133.34803,3225.195,0,33.055426,133.348454,3225.245,0,33.055701,133.348878,3225.295,0,33.055977,133.349301,3225.3449,0,33.056252,133.349725,3225.3949,0,33.056528,133.350149,3225.4449,0,33.056803,133.350572,3225.4949,0,33.057079,133.350996,3225.5448,0,33.057354,133.35142,3225.5948,0,33.057629,133.351843,3225.6448,0,33.057905,133.352267,3225.6947,0,33.05818,133.352691,3225.7447,0,33.058456,133.353114,3225.7947,0,33.058731,133.353538,3225.8446,0,33.059006,133.353962,3225.8946,0,33.059282,133.354386,3225.9446,0,33.059557,133.354809,3225.9945,0,33.059833,133.355233,3226.0445,0,33.060108,133.355657,3226.0945,0,33.060383,133.35608,3226.1444,0,33.060659,133.356504,3226.1944,0,33.060934,133.356928,3226.2444,0,33.061209,133.357351,3226.2943,0,33.061485,133.357775,3226.3443,0,33.06176,133.358199,3226.3943,0,33.062036,133.358622,3226.4442,0,33.062311,133.359046,3226.4942,0,33.062586,133.35947,3226.5442,0,33.062862,133.359893,3226.5941,0,33.063137,133.360317,3226.6441,0,33.063412,133.360741,3226.694,0,33.063688,133.361165,3226.744,0,33.063963,133.361588,3226.794,0,33.064238,133.362012,3226.8439,0,33.064514,133.362436,3226.8939,0,33.064789,133.362859,3226.9439,0,33.065064,133.363283,3226.9938,0,33.06534,133.363707,3227.0438,0,33.065615,133.36413,3227.0937,0,33.06589,133.364554,3227.1437,0,33.066166,133.364978,3227.1937,0,33.066441,133.365401,3227.2436,0,33.066716,133.365825,3227.2936,0,33.066992,133.366249,3227.3435,0,33.067267,133.366672,3227.3935,0,33.067542,133.367096,3227.4434,0,33.067817,133.36752,3227.4934,0,33.068093,133.367943,3227.5434,0,33.068368,133.368367,3227.5933,0,33.068643,133.368791,3227.6433,0,33.068919,133.369215,3227.6932,0,33.069194,133.369638,3227.7432,0,33.069469,133.370062,3227.7931,0,33.069744,133.370486,3227.8431,0,33.07002,133.370909,3227.8931,0,33.070295,133.371333,3227.943,0,33.07057,133.371757,3227.993,0,33.070846,133.37218,3228.0429,0,33.071121,133.372604,3228.0929,0,33.071396,133.373028,3228.1428,0,33.071671,133.373451,3228.1928,0,33.071947,133.373875,3228.2427,0,33.072222,133.374299,3228.2927,0,33.072497,133.374722,3228.3426,0,33.072772,133.375146,3228.3926,0,33.073048,133.37557,3228.4425,0,33.073323,133.375993,3228.4925,0,33.073598,133.376417,3228.5424,0,33.073873,133.376841,3228.5924,0,33.074148,133.377265,3228.6423,0,33.074424,133.377688,3228.6923,0,33.074699,133.378112,3228.7422,0,33.074974,133.378536,3228.7922,0,33.075249,133.378959,3228.8421,0,33.075525,133.379383,3228.8921,0,33.0758,133.379807,3228.942,0,33.076075,133.38023,3228.992,0,33.07635,133.380654,3229.0419,0,33.076625,133.381078,3229.0919,0,33.076901,133.381501,3229.1418,0,33.077176,133.381925,3229.1918,0,33.077451,133.382349,3229.2417,0,33.077726,133.382772,3229.2917,0,33.078001,133.383196,3229.3416,0,33.078276,133.38362,3229.3916,0,33.078552,133.384043,3229.4415,0,33.078827,133.384467,3229.4915,0,33.079102,133.384891,3229.5414,0,33.079377,133.385315,3229.5914,0,33.079652,133.385738,3229.6413,0,33.079927,133.386162,3229.6912,0,33.080203,133.386586,3229.7412,0,33.080478,133.387009,3229.7911,0,33.080753,133.387433,3229.8411,0,33.081028,133.387857,3229.891,0,33.081303,133.38828,3229.941,0,33.081578,133.388704,3229.9909,0,33.081853,133.389128,3230.0408,0,33.082129,133.389551,3230.0908,0,33.082404,133.389975,3230.1407,0,33.082679,133.390399,3230.1907,0,33.082954,133.390822,3230.2406,0,33.083229,133.391246,3230.2905,0,33.083504,133.39167,3230.3405,0,33.083779,133.392093,3230.3904,0,33.084054,133.392517,3230.4404,0,33.08433,133.392941,3230.4903,0,33.084605,133.393365,3230.5402,0,33.08488,133.393788,3230.5902,0,33.085155,133.394212,3230.6401,0,33.08543,133.394636,3230.6901,0,33.085705,133.395059,3230.74,0,33.08598,133.395483,3230.7899,0,33.086255,133.395907,3230.8399,0,33.08653,133.39633,3230.8898,0,33.086805,133.396754,3230.9397,0,33.087081,133.397178,3230.9897,0,33.087356,133.397601,3231.0396,0,33.087631,133.398025,3231.0895,0,33.087906,133.398449,3231.1395,0,33.088181,133.398872,3231.1894,0,33.088456,133.399296,3231.2393,0,33.088731,133.39972,3231.2893,0,33.089006,133.400143,3231.3392,0,33.089281,133.400567,3231.3891,0,33.089556,133.400991,3231.4391,0,33.089831,133.401415,3231.489,0,33.090106,133.401838,3231.5389,0,33.090381,133.402262,3231.5889,0,33.090656,133.402686,3231.6388,0,33.090931,133.403109,3231.6887,0,33.091206,133.403533,3231.7387,0,33.091481,133.403957,3231.7886,0,33.091756,133.40438,3231.8385,0,33.092031,133.404804,3231.8885,0,33.092306,133.405228,3231.9384,0,33.092581,133.405651,3231.9883,0,33.092856,133.406075,3232.0383,0,33.093131,133.406499,3232.0882,0,33.093406,133.406922,3232.1381,0,33.093681,133.407346,3232.188,0,33.093956,133.40777,3232.238,0,33.094231,133.408193,3232.2879,0,33.094506,133.408617,3232.3378,0,33.094781,133.409041,3232.3878,0,33.095056,133.409465,3232.4377,0,33.095331,133.409888,3232.4876,0,33.095606,133.410312,3232.5375,0,33.095881,133.410736,3232.5875,0,33.096156,133.411159,3232.6374,0,33.096431,133.411583,3232.6873,0,33.096706,133.412007,3232.7372,0,33.096981,133.41243,3232.7872,0,33.097256,133.412854,3232.8371,0,33.097531,133.413278,3232.887,0,33.097806,133.413701,3232.9369,0,33.098081,133.414125,3232.9869,0,33.098356,133.414549,3233.0368,0,33.098631,133.414972,3233.0867,0,33.098906,133.415396,3233.1366,0,33.099181,133.41582,3233.1865,0,33.099456,133.416243,3233.2365,0,33.099731,133.416667,3233.2864,0,33.100006,133.417091,3233.3363,0,33.100281,133.417515,3233.3862,0,33.100555,133.417938,3233.4362,0,33.10083,133.418362,3233.4861,0,33.101105,133.418786,3233.536,0,33.10138,133.419209,3233.5859,0,33.101655,133.419633,3233.6358,0,33.10193,133.420057,3233.6857,0,33.102205,133.42048,3233.7357,0,33.10248,133.420904,3233.7856,0,33.102755,133.421328,3233.8355,0,33.10303,133.421751,3233.8854,0,33.103304,133.422175,3233.9353,0,33.103579,133.422599,3233.9853,0,33.103854,133.423022,3234.0352,0,33.104129,133.423446,3234.0851,0,33.104404,133.42387,3234.135,0,33.104679,133.424293,3234.1849,0,33.104954,133.424717,3234.2348,0,33.105229,133.425141,3234.2848,0,33.105504,133.425565,3234.3347,0,33.105778,133.425988,3234.3846,0,33.106053,133.426412,3234.4345,0,33.106328,133.426836,3234.4844,0,33.106603,133.427259,3234.5343,0,33.106878,133.427683,3234.5842,0,33.107153,133.428107,3234.6342,0,33.107427,133.42853,3234.6841,0,33.107702,133.428954,3234.734,0,33.107977,133.429378,3234.7839,0,33.108252,133.429801,3234.8338,0,33.108527,133.430225,3234.8837,0,33.108802,133.430649,3234.9336,0,33.109076,133.431072,3234.9835,0,33.109351,133.431496,3235.0334,0,33.109626,133.43192,3235.0834,0,33.109901,133.432343,3235.1333,0,33.110176,133.432767,3235.1832,0,33.110451,133.433191,3235.2331,0,33.110725,133.433615,3235.283,0,33.111,133.434038,3235.3329,0,33.111275,133.434462,3235.3828,0,33.11155,133.434886,3235.4327,0,33.111825,133.435309,3235.4826,0,33.112099,133.435733,3235.5325,0,33.112374,133.436157,3235.5824,0,33.112649,133.43658,3235.6323,0,33.112924,133.437004,3235.6823,0,33.113198,133.437428,3235.7322,0,33.113473,133.437851,3235.7821,0,33.113748,133.438275,3235.832,0,33.114023,133.438699,3235.8819,0,33.114298,133.439122,3235.9318,0,33.114572,133.439546,3235.9817,0,33.114847,133.43997,3236.0316,0,33.115122,133.440394,3236.0815,0,33.115397,133.440817,3236.1314,0,33.115671,133.441241,3236.1813,0,33.115946,133.441665,3236.2312,0,33.116221,133.442088,3236.2811,0,33.116496,133.442512,3236.331,0,33.11677,133.442936,3236.3809,0,33.117045,133.443359,3236.4308,0,33.11732,133.443783,3236.4807,0,33.117594,133.444207,3236.5306,0,33.117869,133.44463,3236.5805,0,33.118144,133.445054,3236.6304,0,33.118419,133.445478,3236.6803,0,33.118693,133.445901,3236.7302,0,33.118968,133.446325,3236.7801,0,33.119243,133.446749,3236.83,0,33.119518,133.447172,3236.8799,0,33.119792,133.447596,3236.9298,0,33.120067,133.44802,3236.9797,0,33.120342,133.448444,3237.0296,0,33.120616,133.448867,3237.0795,0,33.120891,133.449291,3237.1294,0,33.121166,133.449715,3237.1793,0,33.12144,133.450138,3237.2292,0,33.121715,133.450562,3237.2791,0,33.12199,133.450986,3237.329,0,33.122264,133.451409,3237.3789,0,33.122539,133.451833,3237.4288,0,33.122814,133.452257,3237.4787,0,33.123088,133.45268,3237.5286,0,33.123363,133.453104,3237.5785,0,33.123638,133.453528,3237.6284,0,33.123912,133.453951,3237.6783,0,33.124187,133.454375,3237.7282,0,33.124462,133.454799,3237.778,0,33.124736,133.455222,3237.8279,0,33.125011,133.455646,3237.8778,0,33.125286,133.45607,3237.9277,0,33.12556,133.456494,3237.9776,0,33.125835,133.456917,3238.0275,0,33.126109,133.457341,3238.0774,0,33.126384,133.457765,3238.1273,0,33.126659,133.458188,3238.1772,0,33.126933,133.458612,3238.2271,0,33.127208,133.459036,3238.277,0,33.127483,133.459459,3238.3269,0,33.127757,133.459883,3238.3767,0,33.128032,133.460307,3238.4266,0,33.128306,133.46073,3238.4765,0,33.128581,133.461154,3238.5264,0,33.128856,133.461578,3238.5763,0,33.12913,133.462001,3238.6262,0,33.129405,133.462425,3238.6761,0,33.129679,133.462849,3238.726,0,33.129954,133.463272,3238.7758,0,33.130229,133.463696,3238.8257,0,33.130503,133.46412,3238.8756,0,33.130778,133.464544,3238.9255,0,33.131052,133.464967,3238.9754,0,33.131327,133.465391,3239.0253,0,33.131601,133.465815,3239.0752,0,33.131876,133.466238,3239.1251,0,33.132151,133.466662,3239.1749,0,33.132425,133.467086,3239.2248,0,33.1327,133.467509,3239.2747,0,33.132974,133.467933,3239.3246,0,33.133249,133.468357,3239.3745,0,33.133523,133.46878,3239.4244,0,33.133798,133.469204,3239.4742,0,33.134072,133.469628,3239.5241,0,33.134347,133.470051,3239.574,0,33.134621,133.470475,3239.6239,0,33.134896,133.470899,3239.6738,0,33.13517,133.471322,3239.7236,0,33.135445,133.471746,3239.7735,0,33.13572,133.47217,3239.8234,0,33.135994,133.472594,3239.8733,0,33.136269,133.473017,3239.9232,0,33.136543,133.473441,3239.973,0,33.136818,133.473865,3240.0229,0,33.137092,133.474288,3240.0728,0,33.137367,133.474712,3240.1227,0,33.137641,133.475136,3240.1726,0,33.137916,133.475559,3240.2224,0,33.13819,133.475983,3240.2723,0,33.138465,133.476407,3240.3222,0,33.138739,133.47683,3240.3721,0,33.139014,133.477254,3240.422,0,33.139288,133.477678,3240.4718,0,33.139562,133.478101,3240.5217,0,33.139837,133.478525,3240.5716,0,33.140111,133.478949,3240.6215,0,33.140386,133.479372,3240.6713,0,33.14066,133.479796,3240.7212,0,33.140935,133.48022,3240.7711,0,33.141209,133.480644,3240.821,0,33.141484,133.481067,3240.8708,0,33.141758,133.481491,3240.9207,0,33.142033,133.481915,3240.9706,0,33.142307,133.482338,3241.0204,0,33.142581,133.482762,3241.0703,0,33.142856,133.483186,3241.1202,0,33.14313,133.483609,3241.1701,0,33.143405,133.484033,3241.2199,0,33.143679,133.484457,3241.2698,0,33.143954,133.48488,3241.3197,0,33.144228,133.485304,3241.3696,0,33.144502,133.485728,3241.4194,0,33.144777,133.486151,3241.4693,0,33.145051,133.486575,3241.5192,0,33.145326,133.486999,3241.569,0,33.1456,133.487422,3241.6189,0,33.145875,133.487846,3241.6688,0,33.146149,133.48827,3241.7186,0,33.146423,133.488694,3241.7685,0,33.146698,133.489117,3241.8184,0,33.146972,133.489541,3241.8682,0,33.147247,133.489965,3241.9181,0,33.147521,133.490388,3241.968,0,33.147795,133.490812,3242.0178,0,33.14807,133.491236,3242.0677,0,33.148344,133.491659,3242.1176,0,33.148618,133.492083,3242.1674,0,33.148893,133.492507,3242.2173,0,33.149167,133.49293,3242.2672,0,33.149441,133.493354,3242.317,0,33.149716,133.493778,3242.3669,0,33.14999,133.494201,3242.4168,0,33.150265,133.494625,3242.4666,0,33.150539,133.495049,3242.5165,0,33.150813,133.495472,3242.5664,0,33.151088,133.495896,3242.6162,0,33.151362,133.49632,3242.6661,0,33.151636,133.496744,3242.716,0,33.151911,133.497167,3242.7658,0,33.152185,133.497591,3242.8157,0,33.152459,133.498015,3242.8655,0,33.152734,133.498438,3242.9154,0,33.153008,133.498862,3242.9653,0,33.153282,133.499286,3243.0151,0,33.153557,133.499709,3243.065,0,33.153831,133.500133,3243.1148,0,33.154105,133.500557,3243.1647,0,33.154379,133.50098,3243.2146,0,33.154654,133.501404,3243.2644,0,33.154928,133.501828,3243.3143,0,33.155202,133.502251,3243.3641,0,33.155477,133.502675,3243.414,0,33.155751,133.503099,3243.4639,0,33.156025,133.503522,3243.5137,0,33.1563,133.503946,3243.5636,0,33.156574,133.50437,3243.6134,0,33.156848,133.504794,3243.6633,0,33.157122,133.505217,3243.7131,0,33.157397,133.505641,3243.763,0,33.157671,133.506065,3243.8128,0,33.157945,133.506488,3243.8627,0,33.158219,133.506912,3243.9126,0,33.158494,133.507336,3243.9624,0,33.158768,133.507759,3244.0123,0,33.159042,133.508183,3244.0621,0,33.159316,133.508607,3244.112,0,33.159591,133.50903,3244.1618,0,33.159865,133.509454,3244.2117,0,33.160139,133.509878,3244.2615,0,33.160413,133.510301,3244.3114,0,33.160688,133.510725,3244.3612,0,33.160962,133.511149,3244.4111,0,33.161236,133.511573,3244.4609,0,33.16151,133.511996,3244.5108,0,33.161785,133.51242,3244.5606,0,33.162059,133.512844,3244.6105,0,33.162333,133.513267,3244.6603,0,33.162607,133.513691,3244.7102,0,33.162881,133.514115,3244.76,0,33.163156,133.514538,3244.8099,0,33.16343,133.514962,3244.8597,0,33.163704,133.515386,3244.9096,0,33.163978,133.515809,3244.9594,0,33.164252,133.516233,3245.0093,0,33.164527,133.516657,3245.0591,0,33.164801,133.51708,3245.109,0,33.165075,133.517504,3245.1588,0,33.165349,133.517928,3245.2087,0,33.165623,133.518351,3245.2585,0,33.165897,133.518775,3245.3084,0,33.166172,133.519199,3245.3582,0,33.166446,133.519623,3245.4081,0,33.16672,133.520046,3245.4579,0,33.166994,133.52047,3245.5078,0,33.167268,133.520894,3245.5576,0,33.167542,133.521317,3245.6074,0,33.167817,133.521741,3245.6573,0,33.168091,133.522165,3245.7071,0,33.168365,133.522588,3245.757,0,33.168639,133.523012,3245.8068,0,33.168913,133.523436,3245.8567,0,33.169187,133.523859,3245.9065,0,33.169461,133.524283,3245.9563,0,33.169736,133.524707,3246.0062,0,33.17001,133.52513,3246.056,0,33.170284,133.525554,3246.1059,0,33.170558,133.525978,3246.1557,0,33.170832,133.526401,3246.2056,0,33.171106,133.526825,3246.2554,0,33.17138,133.527249,3246.3052,0,33.171654,133.527673,3246.3551,0,33.171928,133.528096,3246.4049,0,33.172203,133.52852,3246.4548,0,33.172477,133.528944,3246.5046,0,33.172751,133.529367,3246.5544,0,33.173025,133.529791,3246.6043,0,33.173299,133.530215,3246.6541,0,33.173573,133.530638,3246.7039,0,33.173847,133.531062,3246.7538,0,33.174121,133.531486,3246.8036,0,33.174395,133.531909,3246.8535,0,33.174669,133.532333,3246.9033,0,33.174943,133.532757,3246.9531,0,33.175217,133.53318,3247.003,0,33.175492,133.533604,3247.0528,0,33.175766,133.534028,3247.1026,0,33.17604,133.534451,3247.1525,0,33.176314,133.534875,3247.2023,0,33.176588,133.535299,3247.2521,0,33.176862,133.535723,3247.302,0,33.177136,133.536146,3247.3518,0,33.17741,133.53657,3247.4016,0,33.177684,133.536994,3247.4515,0,33.177958,133.537417,3247.5013,0,33.178232,133.537841,3247.5511,0,33.178506,133.538265,3247.601,0,33.17878,133.538688,3247.6508,0,33.179054,133.539112,3247.7006,0,33.179328,133.539536,3247.7505,0,33.179602,133.539959,3247.8003,0,33.179876,133.540383,3247.8501,0,33.18015,133.540807,3247.9,0,33.180424,133.54123,3247.9498,0,33.180698,133.541654,3247.9996,0,33.180972,133.542078,3248.0494,0,33.181246,133.542501,3248.0993,0,33.18152,133.542925,3248.1491,0,33.181794,133.543349,3248.1989,0,33.182068,133.543773,3248.2488,0,33.182342,133.544196,3248.2986,0,33.182616,133.54462,3248.3484,0,33.18289,133.545044,3248.3982,0,33.183164,133.545467,3248.4481,0,33.183438,133.545891,3248.4979,0,33.183712,133.546315,3248.5477,0,33.183986,133.546738,3248.5975,0,33.18426,133.547162,3248.6474,0,33.184534,133.547586,3248.6972,0,33.184808,133.548009,3248.747,0,33.185082,133.548433,3248.7968,0,33.185356,133.548857,3248.8467,0,33.18563,133.54928,3248.8965,0,33.185904,133.549704,3248.9463,0,33.186177,133.550128,3248.9961,0,33.186451,133.550551,3249.046,0,33.186725,133.550975,3249.0958,0,33.186999,133.551399,3249.1456,0,33.187273,133.551823,3249.1954,0,33.187547,133.552246,3249.2452,0,33.187821,133.55267,3249.2951,0,33.188095,133.553094,3249.3449,0,33.188369,133.553517,3249.3947,0,33.188643,133.553941,3249.4445,0,33.188917,133.554365,3249.4944,0,33.189191,133.554788,3249.5442,0,33.189465,133.555212,3249.594,0,33.189738,133.555636,3249.6438,0,33.190012,133.556059,3249.6936,0,33.190286,133.556483,3249.7434,0,33.19056,133.556907,3249.7933,0,33.190834,133.55733,3249.8431,0,33.191108,133.557754,3249.8929,0,33.191382,133.558178,3249.9427,0,33.191656,133.558601,3249.9925,0,33.191929,133.559025,3250.0424,0,33.192203,133.559449,3250.0922,0,33.192477,133.559873,3250.142,0,33.192751,133.560296,3250.1918,0,33.193025,133.56072,3250.2416,0,33.193299,133.561144,3250.2914,0,33.193573,133.561567,3250.3412,0,33.193847,133.561991,3250.3911,0,33.19412,133.562415,3250.4409,0,33.194394,133.562838,3250.4907,0,33.194668,133.563262,3250.5405,0,33.194942,133.563686,3250.5903,0,33.195216,133.564109,3250.6401,0,33.19549,133.564533,3250.6899,0,33.195763,133.564957,3250.7398,0,33.196037,133.56538,3250.7896,0,33.196311,133.565804,3250.8394,0,33.196585,133.566228,3250.8892,0,33.196859,133.566651,3250.939,0,33.197132,133.567075,3250.9888,0,33.197406,133.567499,3251.0386,0,33.19768,133.567923,3251.0884,0,33.197954,133.568346,3251.1382,0,33.198228,133.56877,3251.1881,0,33.198502,133.569194,3251.2379,0,33.198775,133.569617,3251.2877,0,33.199049,133.570041,3251.3375,0,33.199323,133.570465,3251.3873,0,33.199597,133.570888,3251.4371,0,33.19987,133.571312,3251.4869,0,33.200144,133.571736,3251.5367,0,33.200418,133.572159,3251.5865,0,33.200692,133.572583,3251.6363,0,33.200966,133.573007,3251.6861,0,33.201239,133.57343,3251.7359,0,33.201513,133.573854,3251.7857,0,33.201787,133.574278,3251.8355,0,33.202061,133.574701,3251.8854,0,33.202334,133.575125,3251.9352,0,33.202608,133.575549,3251.985,0,33.202882,133.575973,3252.0348,0,33.203156,133.576396,3252.0846,0,33.203429,133.57682,3252.1344,0,33.203703,133.577244,3252.1842,0,33.203977,133.577667,3252.234,0,33.204251,133.578091,3252.2838,0,33.204524,133.578515,3252.3336,0,33.204798,133.578938,3252.3834,0,33.205072,133.579362,3252.4332,0,33.205345,133.579786,3252.483,0,33.205619,133.580209,3252.5328,0,33.205893,133.580633,3252.5826,0,33.206167,133.581057,3252.6324,0,33.20644,133.58148,3252.6822,0,33.206714,133.581904,3252.732,0,33.206988,133.582328,3252.7818,0,33.207261,133.582752,3252.8316,0,33.207535,133.583175,3252.8814,0,33.207809,133.583599,3252.9312,0,33.208082,133.584023,3252.981,0,33.208356,133.584446,3253.0308,0,33.20863,133.58487,3253.0806,0,33.208904,133.585294,3253.1304,0,33.209177,133.585717,3253.1802,0,33.209451,133.586141,3253.23,0,33.209725,133.586565,3253.2798,0,33.209998,133.586988,3253.3296,0,33.210272,133.587412,3253.3794,0,33.210546,133.587836,3253.4292,0,33.210819,133.588259,3253.479,0,33.211093,133.588683,3253.5287,0,33.211366,133.589107,3253.5785,0,33.21164,133.58953,3253.6283,0,33.211914,133.589954,3253.6781,0,33.212187,133.590378,3253.7279,0,33.212461,133.590802,3253.7777,0,33.212735,133.591225,3253.8275,0,33.213008,133.591649,3253.8773,0,33.213282,133.592073,3253.9271,0,33.213556,133.592496,3253.9769,0,33.213829,133.59292,3254.0267,0,33.214103,133.593344,3254.0765,0,33.214376,133.593767,3254.1263,0,33.21465,133.594191,3254.1761,0,33.214924,133.594615,3254.2258,0,33.215197,133.595038,3254.2756,0,33.215471,133.595462,3254.3254,0,33.215744,133.595886,3254.3752,0,33.216018,133.596309,3254.425,0,33.216292,133.596733,3254.4748,0,33.216565,133.597157,3254.5246,0,33.216839,133.59758,3254.5744,0,33.217112,133.598004,3254.6242,0,33.217386,133.598428,3254.6739,0,33.21766,133.598852,3254.7237,0,33.217933,133.599275,3254.7735,0,33.218207,133.599699,3254.8233,0,33.21848,133.600123,3254.8731,0,33.218754,133.600546,3254.9229,0,33.219027,133.60097,3254.9727,0,33.219301,133.601394,3255.0225,0,33.219575,133.601817,3255.0722,0,33.219848,133.602241,3255.122,0,33.220122,133.602665,3255.1718,0,33.220395,133.603088,3255.2216,0,33.220669,133.603512,3255.2714,0,33.220942,133.603936,3255.3212,0,33.221216,133.604359,3255.3709,0,33.221489,133.604783,3255.4207,0,33.221763,133.605207,3255.4705,0,33.222036,133.60563,3255.5203,0,33.22231,133.606054,3255.5701,0,33.222583,133.606478,3255.6199,0,33.222857,133.606902,3255.6696,0,33.22313,133.607325,3255.7194,0,33.223404,133.607749,3255.7692,0,33.223677,133.608173,3255.819,0,33.223951,133.608596,3255.8688,0,33.224224,133.60902,3255.9185,0,33.224498,133.609444,3255.9683,0,33.224771,133.609867,3256.0181,0,33.225045,133.610291,3256.0679,0,33.225318,133.610715,3256.1177,0,33.225592,133.611138,3256.1674,0,33.225865,133.611562,3256.2172,0,33.226139,133.611986,3256.267,0,33.226412,133.612409,3256.3168,0,33.226686,133.612833,3256.3665,0,33.226959,133.613257,3256.4163,0,33.227233,133.61368,3256.4661,0,33.227506,133.614104,3256.5159,0,33.22778,133.614528,3256.5656,0,33.228053,133.614952,3256.6154,0,33.228327,133.615375,3256.6652,0,33.2286,133.615799,3256.715,0,33.228874,133.616223,3256.7647,0,33.229147,133.616646,3256.8145,0,33.22942,133.61707,3256.8643,0,33.229694,133.617494,3256.9141,0,33.229967,133.617917,3256.9638,0,33.230241,133.618341,3257.0136,0,33.230514,133.618765,3257.0634,0,33.230788,133.619188,3257.1132,0,33.231061,133.619612,3257.1629,0,33.231334,133.620036,3257.2127,0,33.231608,133.620459,3257.2625,0,33.231881,133.620883,3257.3123,0,33.232155,133.621307,3257.362,0,33.232428,133.62173,3257.4118,0,33.232702,133.622154,3257.4616,0,33.232975,133.622578,3257.5113,0,33.233248,133.623002,3257.5611,0,33.233522,133.623425,3257.6109,0,33.233795,133.623849,3257.6606,0,33.234068,133.624273,3257.7104,0,33.234342,133.624696,3257.7602,0,33.234615,133.62512,3257.8099,0,33.234889,133.625544,3257.8597,0,33.235162,133.625967,3257.9095,0,33.235435,133.626391,3257.9592,0,33.235709,133.626815,3258.009,0,33.235982,133.627238,3258.0588,0,33.236255,133.627662,3258.1085,0,33.236529,133.628086,3258.1583,0,33.236802,133.628509,3258.2081,0,33.237076,133.628933,3258.2578,0,33.237349,133.629357,3258.3076,0,33.237622,133.62978,3258.3574,0,33.237896,133.630204,3258.4071,0,33.238169,133.630628,3258.4569,0,33.238442,133.631052,3258.5067,0,33.238716,133.631475,3258.5564,0,33.238989,133.631899,3258.6062,0,33.239262,133.632323,3258.656,0,33.239536,133.632746,3258.7057,0,33.239809,133.63317,3258.7555,0,33.240082,133.633594,3258.8052,0,33.240356,133.634017,3258.855,0,33.240629,133.634441,3258.9048,0,33.240902,133.634865,3258.9545,0,33.241175,133.635288,3259.0043,0,33.241449,133.635712,3259.054,0,33.241722,133.636136,3259.1038,0,33.241995,133.636559,3259.1536,0,33.242269,133.636983,3259.2033,0,33.242542,133.637407,3259.2531,0,33.242815,133.63783,3259.3028,0,33.243089,133.638254,3259.3526,0,33.243362,133.638678,3259.4024,0,33.243635,133.639102,3259.4521,0,33.243908,133.639525,3259.5019,0,33.244182,133.639949,3259.5516,0,33.244455,133.640373,3259.6014,0,33.244728,133.640796,3259.6511,0,33.245001,133.64122,3259.7009,0,33.245275,133.641644,3259.7507,0,33.245548,133.642067,3259.8004,0,33.245821,133.642491,3259.8502,0,33.246094,133.642915,3259.8999,0,33.246368,133.643338,3259.9497,0,33.246641,133.643762,3259.9994,0,33.246914,133.644186,3260.0492,0,33.247187,133.644609,3260.0989,0,33.247461,133.645033,3260.1487,0,33.247734,133.645457,3260.1985,0,33.248007,133.64588,3260.2482,0,33.24828,133.646304,3260.298,0,33.248554,133.646728,3260.3477,0,33.248827,133.647152,3260.3975,0,33.2491,133.647575,3260.4472,0,33.249373,133.647999,3260.497,0,33.249646,133.648423,3260.5467,0,33.24992,133.648846,3260.5965,0,33.250193,133.64927,3260.6462,0,33.250466,133.649694,3260.696,0,33.250739,133.650117,3260.7457,0,33.251012,133.650541,3260.7955,0,33.251286,133.650965,3260.8452,0,33.251559,133.651388,3260.895,0,33.251832,133.651812,3260.9447,0,33.252105,133.652236,3260.9945,0,33.252378,133.652659,3261.0442,0,33.252652,133.653083,3261.094,0,33.252925,133.653507,3261.1437,0,33.253198,133.65393,3261.1934,0,33.253471,133.654354,3261.2432,0,33.253744,133.654778,3261.2929,0,33.254017,133.655202,3261.3427,0,33.254291,133.655625,3261.3924,0,33.254564,133.656049,3261.4422,0,33.254837,133.656473,3261.4919,0,33.25511,133.656896,3261.5417,0,33.255383,133.65732,3261.5914,0,33.255656,133.657744,3261.6412,0,33.255929,133.658167,3261.6909,0,33.256203,133.658591,3261.7406,0,33.256476,133.659015,3261.7904,0,33.256749,133.659438,3261.8401,0,33.257022,133.659862,3261.8899,0,33.257295,133.660286,3261.9396,0,33.257568,133.660709,3261.9894,0,33.257841,133.661133,3262.0391,0,33.258114,133.661557,3262.0888,0,33.258388,133.661981,3262.1386,0,33.258661,133.662404,3262.1883,0,33.258934,133.662828,3262.2381,0,33.259207,133.663252,3262.2878,0,33.25948,133.663675,3262.3375,0,33.259753,133.664099,3262.3873,0,33.260026,133.664523,3262.437,0,33.260299,133.664946,3262.4868,0,33.260572,133.66537,3262.5365,0,33.260845,133.665794,3262.5862,0,33.261118,133.666217,3262.636,0,33.261392,133.666641,3262.6857,0,33.261665,133.667065,3262.7355,0,33.261938,133.667488,3262.7852,0,33.262211,133.667912,3262.8349,0,33.262484,133.668336,3262.8847,0,33.262757,133.668759,3262.9344,0,33.26303,133.669183,3262.9841,0,33.263303,133.669607,3263.0339,0,33.263576,133.670031,3263.0836,0,33.263849,133.670454,3263.1333,0,33.264122,133.670878,3263.1831,0,33.264395,133.671302,3263.2328,0,33.264668,133.671725,3263.2825,0,33.264941,133.672149,3263.3323,0,33.265214,133.672573,3263.382,0,33.265487,133.672996,3263.4317,0,33.26576,133.67342,3263.4815,0,33.266033,133.673844,3263.5312,0,33.266306,133.674267,3263.5809,0,33.266579,133.674691,3263.6307,0,33.266852,133.675115,3263.6804,0,33.267125,133.675538,3263.7301,0,33.267398,133.675962,3263.7799,0,33.267671,133.676386,3263.8296,0,33.267944,133.676809,3263.8793,0,33.268217,133.677233,3263.9291,0,33.26849,133.677657,3263.9788,0,33.268763,133.678081,3264.0285,0,33.269036,133.678504,3264.0782,0,33.269309,133.678928,3264.128,0,33.269582,133.679352,3264.1777,0,33.269855,133.679775,3264.2274,0,33.270128,133.680199,3264.2772,0,33.270401,133.680623,3264.3269,0,33.270674,133.681046,3264.3766,0,33.270947,133.68147,3264.4263,0,33.27122,133.681894,3264.4761,0,33.271493,133.682317,3264.5258,0,33.271766,133.682741,3264.5755,0,33.272039,133.683165,3264.6252,0,33.272312,133.683588,3264.675,0,33.272585,133.684012,3264.7247,0,33.272858,133.684436,3264.7744,0,33.273131,133.684859,3264.8241,0,33.273404,133.685283,3264.8739,0,33.273677,133.685707,3264.9236,0,33.27395,133.686131,3264.9733,0,33.274222,133.686554,3265.023,0,33.274495,133.686978,3265.0728,0,33.274768,133.687402,3265.1225,0,33.275041,133.687825,3265.1722,0,33.275314,133.688249,3265.2219,0,33.275587,133.688673,3265.2716,0,33.27586,133.689096,3265.3214,0,33.276133,133.68952,3265.3711,0,33.276406,133.689944,3265.4208,0,33.276679,133.690367,3265.4705,0,33.276952,133.690791,3265.5202,0,33.277224,133.691215,3265.57,0,33.277497,133.691638,3265.6197,0,33.27777,133.692062,3265.6694,0,33.278043,133.692486,3265.7191,0,33.278316,133.692909,3265.7688,0,33.278589,133.693333,3265.8186,0,33.278862,133.693757,3265.8683,0,33.279135,133.694181,3265.918,0,33.279407,133.694604,3265.9677,0,33.27968,133.695028,3266.0174,0,33.279953,133.695452,3266.0671,0,33.280226,133.695875,3266.1169,0,33.280499,133.696299,3266.1666,0,33.280772,133.696723,3266.2163,0,33.281045,133.697146,3266.266,0,33.281317,133.69757,3266.3157,0,33.28159,133.697994,3266.3654,0,33.281863,133.698417,3266.4152,0,33.282136,133.698841,3266.4649,0,33.282409,133.699265,3266.5146,0,33.282682,133.699688,3266.5643,0,33.282954,133.700112,3266.614,0,33.283227,133.700536,3266.6637,0,33.2835,133.700959,3266.7134,0,33.283773,133.701383,3266.7631,0,33.284046,133.701807,3266.8129,0,33.284319,133.702231,3266.8626,0,33.284591,133.702654,3266.9123,0,33.284864,133.703078,3266.962,0,33.285137,133.703502,3267.0117,0,33.28541,133.703925,3267.0614,0,33.285683,133.704349,3267.1111,0,33.285955,133.704773,3267.1608,0,33.286228,133.705196,3267.2105,0,33.286501,133.70562,3267.2602,0,33.286774,133.706044,3267.31,0,33.287046,133.706467,3267.3597,0,33.287319,133.706891,3267.4094,0,33.287592,133.707315,3267.4591,0,33.287865,133.707738,3267.5088,0,33.288138,133.708162,3267.5585,0,33.28841,133.708586,3267.6082,0,33.288683,133.709009,3267.6579,0,33.288956,133.709433,3267.7076,0,33.289229,133.709857,3267.7573,0,33.289501,133.710281,3267.807,0,33.289774,133.710704,3267.8567,0,33.290047,133.711128,3267.9064,0,33.29032,133.711552,3267.9561,0,33.290592,133.711975,3268.0058,0,33.290865,133.712399,3268.0556,0,33.291138,133.712823,3268.1053,0,33.291411,133.713246,3268.155,0,33.291683,133.71367,3268.2047,0,33.291956,133.714094,3268.2544,0,33.292229,133.714517,3268.3041,0,33.292501,133.714941,3268.3538,0,33.292774,133.715365,3268.4035,0,33.293047,133.715788,3268.4532,0,33.29332,133.716212,3268.5029,0,33.293592,133.716636,3268.5526,0,33.293865,133.717059,3268.6023,0,33.294138,133.717483,3268.652,0,33.29441,133.717907,3268.7017,0,33.294683,133.718331,3268.7514,0,33.294956,133.718754,3268.8011,0,33.295228,133.719178,3268.8508,0,33.295501,133.719602,3268.9005,0,33.295774,133.720025,3268.9502,0,33.296046,133.720449,3268.9999,0,33.296319,133.720873,3269.0496,0,33.296592,133.721296,3269.0993,0,33.296864,133.72172,3269.149,0,33.297137,133.722144,3269.1987,0,33.29741,133.722567,3269.2484,0,33.297682,133.722991,3269.2981,0,33.297955,133.723415,3269.3477,0,33.298228,133.723838,3269.3974,0,33.2985,133.724262,3269.4471,0,33.298773,133.724686,3269.4968,0,33.299046,133.725109,3269.5465,0,33.299318,133.725533,3269.5962,0,33.299591,133.725957,3269.6459,0,33.299864,133.726381,3269.6956,0,33.300136,133.726804,3269.7453,0,33.300409,133.727228,3269.795,0,33.300681,133.727652,3269.8447,0,33.300954,133.728075,3269.8944,0,33.301227,133.728499,3269.9441,0,33.301499,133.728923,3269.9938,0,33.301772,133.729346,3270.0435,0,33.302044,133.72977,3270.0932,0,33.302317,133.730194,3270.1428,0,33.30259,133.730617,3270.1925,0,33.302862,133.731041,3270.2422,0,33.303135,133.731465,3270.2919,0,33.303407,133.731888,3270.3416,0,33.30368,133.732312,3270.3913,0,33.303953,133.732736,3270.441,0,33.304225,133.73316,3270.4907,0,33.304498,133.733583,3270.5404,0,33.30477,133.734007,3270.59,0,33.305043,133.734431,3270.6397,0,33.305316,133.734854,3270.6894,0,33.305588,133.735278,3270.7391,0,33.305861,133.735702,3270.7888,0,33.306133,133.736125,3270.8385,0,33.306406,133.736549,3270.8882,0,33.306678,133.736973,3270.9379,0,33.306951,133.737396,3270.9875,0,33.307223,133.73782,3271.0372,0,33.307496,133.738244,3271.0869,0,33.307769,133.738667,3271.1366,0,33.308041,133.739091,3271.1863,0,33.308314,133.739515,3271.236,0,33.308586,133.739938,3271.2857,0,33.308859,133.740362,3271.3353,0,33.309131,133.740786,3271.385,0,33.309404,133.74121,3271.4347,0,33.309676,133.741633,3271.4844,0,33.309949,133.742057,3271.5341,0,33.310221,133.742481,3271.5837,0,33.310494,133.742904,3271.6334,0,33.310766,133.743328,3271.6831,0,33.311039,133.743752,3271.7328,0,33.311311,133.744175,3271.7825,0,33.311584,133.744599,3271.8322,0,33.311856,133.745023,3271.8818,0,33.312129,133.745446,3271.9315,0,33.312401,133.74587,3271.9812,0,33.312674,133.746294,3272.0309,0,33.312946,133.746717,3272.0806,0,33.313219,133.747141,3272.1302,0,33.313491,133.747565,3272.1799,0,33.313764,133.747988,3272.2296,0,33.314036,133.748412,3272.2793,0,33.314309,133.748836,3272.3289,0,33.314581,133.74926,3272.3786,0,33.314853,133.749683,3272.4283,0,33.315126,133.750107,3272.478,0,33.315398,133.750531,3272.5276,0,33.315671,133.750954,3272.5773,0,33.315943,133.751378,3272.627,0,33.316216,133.751802,3272.6767,0,33.316488,133.752225,3272.7263,0,33.316761,133.752649,3272.776,0,33.317033,133.753073,3272.8257,0,33.317305,133.753496,3272.8754,0,33.317578,133.75392,3272.925,0,33.31785,133.754344,3272.9747,0,33.318123,133.754767,3273.0244,0,33.318395,133.755191,3273.0741,0,33.318668,133.755615,3273.1237,0,33.31894,133.756038,3273.1734,0,33.319212,133.756462,3273.2231,0,33.319485,133.756886,3273.2728,0,33.319757,133.75731,3273.3224,0,33.32003,133.757733,3273.3721,0,33.320302,133.758157,3273.4218,0,33.320574,133.758581,3273.4714,0,33.320847,133.759004,3273.5211,0,33.321119,133.759428,3273.5708,0,33.321392,133.759852,3273.6204,0,33.321664,133.760275,3273.6701,0,33.321936,133.760699,3273.7198,0,33.322209,133.761123,3273.7694,0,33.322481,133.761546,3273.8191,0,33.322753,133.76197,3273.8688,0,33.323026,133.762394,3273.9185,0,33.323298,133.762817,3273.9681,0,33.32357,133.763241,3274.0178,0,33.323843,133.763665,3274.0675,0,33.324115,133.764088,3274.1171,0,33.324388,133.764512,3274.1668,0,33.32466,133.764936,3274.2165,0,33.324932,133.76536,3274.2661,0,33.325205,133.765783,3274.3158,0,33.325477,133.766207,3274.3654,0,33.325749,133.766631,3274.4151,0,33.326022,133.767054,3274.4648,0,33.326294,133.767478,3274.5144,0,33.326566,133.767902,3274.5641,0,33.326839,133.768325,3274.6138,0,33.327111,133.768749,3274.6634,0,33.327383,133.769173,3274.7131,0,33.327655,133.769596,3274.7628,0,33.327928,133.77002,3274.8124,0,33.3282,133.770444,3274.8621,0,33.328472,133.770867,3274.9117,0,33.328745,133.771291,3274.9614,0,33.329017,133.771715,3275.0111,0,33.329289,133.772138,3275.0607,0,33.329562,133.772562,3275.1104,0,33.329834,133.772986,3275.16,0,33.330106,133.77341,3275.2097,0,33.330378,133.773833,3275.2594,0,33.330651,133.774257,3275.309,0,33.330923,133.774681,3275.3587,0,33.331195,133.775104,3275.4083,0,33.331467,133.775528,3275.458,0,33.33174,133.775952,3275.5076,0,33.332012,133.776375,3275.5573,0,33.332284,133.776799,3275.607,0,33.332557,133.777223,3275.6566,0,33.332829,133.777646,3275.7063,0,33.333101,133.77807,3275.7559,0,33.333373,133.778494,3275.8056,0,33.333646,133.778917,3275.8552,0,33.333918,133.779341,3275.9049,0,33.33419,133.779765,3275.9545,0,33.334462,133.780188,3276.0042,0,33.334734,133.780612,3276.0539,0,33.335007,133.781036,3276.1035,0,33.335279,133.78146,3276.1532,0,33.335551,133.781883,3276.2028,0,33.335823,133.782307,3276.2525,0,33.336096,133.782731,3276.3021,0,33.336368,133.783154,3276.3518,0,33.33664,133.783578,3276.4014,0,33.336912,133.784002,3276.4511,0,33.337184,133.784425,3276.5007,0,33.337457,133.784849,3276.5504,0,33.337729,133.785273,3276.6,0,33.338001,133.785696,3276.6497,0,33.338273,133.78612,3276.6993,0,33.338545,133.786544,3276.749,0,33.338818,133.786967,3276.7986,0,33.33909,133.787391,3276.8483,0,33.339362,133.787815,3276.8979,0,33.339634,133.788238,3276.9476,0,33.339906,133.788662,3276.9972,0,33.340178,133.789086,3277.0469,0,33.340451,133.78951,3277.0965,0,33.340723,133.789933,3277.1462,0,33.340995,133.790357,3277.1958,0,33.341267,133.790781,3277.2455,0,33.341539,133.791204,3277.2951,0,33.341811,133.791628,3277.3448,0,33.342083,133.792052,3277.3944,0,33.342356,133.792475,3277.444,0,33.342628,133.792899,3277.4937,0,33.3429,133.793323,3277.5433,0,33.343172,133.793746,3277.593,0,33.343444,133.79417,3277.6426,0,33.343716,133.794594,3277.6923,0,33.343988,133.795017,3277.7419,0,33.344261,133.795441,3277.7916,0,33.344533,133.795865,3277.8412,0,33.344805,133.796288,3277.8908,0,33.345077,133.796712,3277.9405,0,33.345349,133.797136,3277.9901,0,33.345621,133.79756,3278.0398,0,33.345893,133.797983,3278.0894,0,33.346165,133.798407,3278.139,0,33.346437,133.798831,3278.1887,0,33.346709,133.799254,3278.2383,0,33.346982,133.799678,3278.288,0,33.347254,133.800102,3278.3376,0,33.347526,133.800525,3278.3873,0,33.347798,133.800949,3278.4369,0,33.34807,133.801373,3278.4865,0,33.348342,133.801796,3278.5362,0,33.348614,133.80222,3278.5858,0,33.348886,133.802644,3278.6354,0,33.349158,133.803067,3278.6851,0,33.34943,133.803491,3278.7347,0,33.349702,133.803915,3278.7844,0,33.349974,133.804339,3278.834,0,33.350246,133.804762,3278.8836,0,33.350518,133.805186,3278.9333,0,33.35079,133.80561,3278.9829,0,33.351062,133.806033,3279.0325,0,33.351335,133.806457,3279.0822,0,33.351607,133.806881,3279.1318,0,33.351879,133.807304,3279.1814,0,33.352151,133.807728,3279.2311,0,33.352423,133.808152,3279.2807,0,33.352695,133.808575,3279.3303,0,33.352967,133.808999,3279.38,0,33.353239,133.809423,3279.4296,0,33.353511,133.809846,3279.4792,0,33.353783,133.81027,3279.5289,0,33.354055,133.810694,3279.5785,0,33.354327,133.811117,3279.6281,0,33.354599,133.811541,3279.6778,0,33.354871,133.811965,3279.7274,0,33.355143,133.812389,3279.777,0,33.355415,133.812812,3279.8267,0,33.355687,133.813236,3279.8763,0,33.355959,133.81366,3279.9259,0,33.356231,133.814083,3279.9756,0,33.356503,133.814507,3280.0252,0,33.356775,133.814931,3280.0748,0,33.357047,133.815354,3280.1244,0,33.357319,133.815778,3280.1741,0,33.357591,133.816202,3280.2237,0,33.357862,133.816625,3280.2733,0,33.358134,133.817049,3280.3229,0,33.358406,133.817473,3280.3726,0,33.358678,133.817896,3280.4222,0,33.35895,133.81832,3280.4718,0,33.359222,133.818744,3280.5215,0,33.359494,133.819167,3280.5711,0,33.359766,133.819591,3280.6207,0,33.360038,133.820015,3280.6703,0,33.36031,133.820439,3280.72,0,33.360582,133.820862,3280.7696,0,33.360854,133.821286,3280.8192,0,33.361126,133.82171,3280.8688,0,33.361398,133.822133,3280.9185,0,33.36167,133.822557,3280.9681,0,33.361942,133.822981,3281.0177,0,33.362213,133.823404,3281.0673,0,33.362485,133.823828,3281.1169,0,33.362757,133.824252,3281.1666,0,33.363029,133.824675,3281.2162,0,33.363301,133.825099,3281.2658,0,33.363573,133.825523,3281.3154,0,33.363845,133.825946,3281.3651,0,33.364117,133.82637,3281.4147,0,33.364389,133.826794,3281.4643,0,33.364661,133.827217,3281.5139,0,33.364932,133.827641,3281.5635,0,33.365204,133.828065,3281.6132,0,33.365476,133.828489,3281.6628,0,33.365748,133.828912,3281.7124,0,33.36602,133.829336,3281.762,0,33.366292,133.82976,3281.8116,0,33.366564,133.830183,3281.8612,0,33.366835,133.830607,3281.9109,0,33.367107,133.831031,3281.9605,0,33.367379,133.831454,3282.0101,0,33.367651,133.831878,3282.0597,0,33.367923,133.832302,3282.1093,0,33.368195,133.832725,3282.1589,0,33.368467,133.833149,3282.2086,0,33.368738,133.833573,3282.2582,0,33.36901,133.833996,3282.3078,0,33.369282,133.83442,3282.3574,0,33.369554,133.834844,3282.407,0,33.369826,133.835267,3282.4566,0,33.370098,133.835691,3282.5062,0,33.370369,133.836115,3282.5559,0,33.370641,133.836539,3282.6055,0,33.370913,133.836962,3282.6551,0,33.371185,133.837386,3282.7047,0,33.371457,133.83781,3282.7543,0,33.371728,133.838233,3282.8039,0,33.372,133.838657,3282.8535,0,33.372272,133.839081,3282.9031,0,33.372544,133.839504,3282.9528,0,33.372816,133.839928,3283.0024,0,33.373087,133.840352,3283.052,0,33.373359,133.840775,3283.1016,0,33.373631,133.841199,3283.1512,0,33.373903,133.841623,3283.2008,0,33.374174,133.842046,3283.2504,0,33.374446,133.84247,3283.3,0,33.374718,133.842894,3283.3496,0,33.37499,133.843317,3283.3992,0,33.375262,133.843741,3283.4489,0,33.375533,133.844165,3283.4985,0,33.375805,133.844589,3283.5481,0,33.376077,133.845012,3283.5977,0,33.376349,133.845436,3283.6473,0,33.37662,133.84586,3283.6969,0,33.376892,133.846283,3283.7465,0,33.377164,133.846707,3283.7961,0,33.377436,133.847131,3283.8457,0,33.377707,133.847554,3283.8953,0,33.377979,133.847978,3283.9449,0,33.378251,133.848402,3283.9945,0,33.378522,133.848825,3284.0441,0,33.378794,133.849249,3284.0937,0,33.379066,133.849673,3284.1433,0,33.379338,133.850096,3284.1929,0,33.379609,133.85052,3284.2425,0,33.379881,133.850944,3284.2921,0,33.380153,133.851367,3284.3417,0,33.380424,133.851791,3284.3913,0,33.380696,133.852215,3284.4409,0,33.380968,133.852639,3284.4905,0,33.38124,133.853062,3284.5401,0,33.381511,133.853486,3284.5897,0,33.381783,133.85391,3284.6393,0,33.382055,133.854333,3284.6889,0,33.382326,133.854757,3284.7385,0,33.382598,133.855181,3284.7881,0,33.38287,133.855604,3284.8377,0,33.383141,133.856028,3284.8873,0,33.383413,133.856452,3284.9369,0,33.383685,133.856875,3284.9865,0,33.383956,133.857299,3285.0361,0,33.384228,133.857723,3285.0857,0,33.3845,133.858146,3285.1353,0,33.384771,133.85857,3285.1849,0,33.385043,133.858994,3285.2345,0,33.385315,133.859417,3285.2841,0,33.385586,133.859841,3285.3337,0,33.385858,133.860265,3285.3833,0,33.386129,133.860689,3285.4329,0,33.386401,133.861112,3285.4825,0,33.386673,133.861536,3285.5321,0,33.386944,133.86196,3285.5817,0,33.387216,133.862383,3285.6313,0,33.387488,133.862807,3285.6809,0,33.387759,133.863231,3285.7305,0,33.388031,133.863654,3285.7801,0,33.388302,133.864078,3285.8297,0,33.388574,133.864502,3285.8793,0,33.388846,133.864925,3285.9288,0,33.389117,133.865349,3285.9784,0,33.389389,133.865773,3286.028,0,33.38966,133.866196,3286.0776,0,33.389932,133.86662,3286.1272,0,33.390204,133.867044,3286.1768,0,33.390475,133.867467,3286.2264,0,33.390747,133.867891,3286.276,0,33.391018,133.868315,3286.3256,0,33.39129,133.868739,3286.3752,0,33.391562,133.869162,3286.4248,0,33.391833,133.869586,3286.4743,0,33.392105,133.87001,3286.5239,0,33.392376,133.870433,3286.5735,0,33.392648,133.870857,3286.6231,0,33.392919,133.871281,3286.6727,0,33.393191,133.871704,3286.7223,0,33.393462,133.872128,3286.7719,0,33.393734,133.872552,3286.8215,0,33.394006,133.872975,3286.871,0,33.394277,133.873399,3286.9206,0,33.394549,133.873823,3286.9702,0,33.39482,133.874246,3287.0198,0,33.395092,133.87467,3287.0694,0,33.395363,133.875094,3287.119,0,33.395635,133.875517,3287.1686,0,33.395906,133.875941,3287.2181,0,33.396178,133.876365,3287.2677,0,33.396449,133.876789,3287.3173,0,33.396721,133.877212,3287.3669,0,33.396992,133.877636,3287.4165,0,33.397264,133.87806,3287.4661,0,33.397535,133.878483,3287.5156,0,33.397807,133.878907,3287.5652,0,33.398078,133.879331,3287.6148,0,33.39835,133.879754,3287.6644,0,33.398621,133.880178,3287.714,0,33.398893,133.880602,3287.7635,0,33.399164,133.881025,3287.8131,0,33.399436,133.881449,3287.8627,0,33.399707,133.881873,3287.9123,0,33.399979,133.882296,3287.9619,0,33.40025,133.88272,3288.0114,0,33.400522,133.883144,3288.061,0,33.400793,133.883568,3288.1106,0,33.401065,133.883991,3288.1602,0,33.401336,133.884415,3288.2098,0,33.401608,133.884839,3288.2593,0,33.401879,133.885262,3288.3089,0,33.40215,133.885686,3288.3585,0,33.402422,133.88611,3288.4081,0,33.402693,133.886533,3288.4576,0,33.402965,133.886957,3288.5072,0,33.403236,133.887381,3288.5568,0,33.403508,133.887804,3288.6064,0,33.403779,133.888228,3288.656,0,33.404051,133.888652,3288.7055,0,33.404322,133.889075,3288.7551,0,33.404593,133.889499,3288.8047,0,33.404865,133.889923,3288.8543,0,33.405136,133.890346,3288.9038,0,33.405408,133.89077,3288.9534,0,33.405679,133.891194,3289.003,0,33.40595,133.891618,3289.0525,0,33.406222,133.892041,3289.1021,0,33.406493,133.892465,3289.1517,0,33.406765,133.892889,3289.2013,0,33.407036,133.893312,3289.2508,0,33.407307,133.893736,3289.3004,0,33.407579,133.89416,3289.35,0,33.40785,133.894583,3289.3995,0,33.408122,133.895007,3289.4491,0,33.408393,133.895431,3289.4987,0,33.408664,133.895854,3289.5483,0,33.408936,133.896278,3289.5978,0,33.409207,133.896702,3289.6474,0,33.409478,133.897125,3289.697,0,33.40975,133.897549,3289.7465,0,33.410021,133.897973,3289.7961,0,33.410293,133.898396,3289.8457,0,33.410564,133.89882,3289.8952,0,33.410835,133.899244,3289.9448,0,33.411107,133.899668,3289.9944,0,33.411378,133.900091,3290.0439,0,33.411649,133.900515,3290.0935,0,33.411921,133.900939,3290.1431,0,33.412192,133.901362,3290.1926,0,33.412463,133.901786,3290.2422,0,33.412735,133.90221,3290.2918,0,33.413006,133.902633,3290.3413,0,33.413277,133.903057,3290.3909,0,33.413549,133.903481,3290.4405,0,33.41382,133.903904,3290.49,0,33.414091,133.904328,3290.5396,0,33.414362,133.904752,3290.5891,0,33.414634,133.905175,3290.6387,0,33.414905,133.905599,3290.6883,0,33.415176,133.906023,3290.7378,0,33.415448,133.906446,3290.7874,0,33.415719,133.90687,3290.837,0,33.41599,133.907294,3290.8865,0,33.416262,133.907718,3290.9361,0,33.416533,133.908141,3290.9856,0,33.416804,133.908565,3291.0352,0,33.417075,133.908989,3291.0848,0,33.417347,133.909412,3291.1343,0,33.417618,133.909836,3291.1839,0,33.417889,133.91026,3291.2334,0,33.41816,133.910683,3291.283,0,33.418432,133.911107,3291.3326,0,33.418703,133.911531,3291.3821,0,33.418974,133.911954,3291.4317,0,33.419246,133.912378,3291.4812,0,33.419517,133.912802,3291.5308,0,33.419788,133.913225,3291.5803,0,33.420059,133.913649,3291.6299,0,33.420331,133.914073,3291.6795,0,33.420602,133.914496,3291.729,0,33.420873,133.91492,3291.7786,0,33.421144,133.915344,3291.8281,0,33.421415,133.915768,3291.8777,0,33.421687,133.916191,3291.9272,0,33.421958,133.916615,3291.9768,0,33.422229,133.917039,3292.0263,0,33.4225,133.917462,3292.0759,0,33.422772,133.917886,3292.1255,0,33.423043,133.91831,3292.175,0,33.423314,133.918733,3292.2246,0,33.423585,133.919157,3292.2741,0,33.423856,133.919581,3292.3237,0,33.424128,133.920004,3292.3732,0,33.424399,133.920428,3292.4228,0,33.42467,133.920852,3292.4723,0,33.424941,133.921275,3292.5219,0,33.425212,133.921699,3292.5714,0,33.425484,133.922123,3292.621,0,33.425755,133.922546,3292.6705,0,33.426026,133.92297,3292.7201,0,33.426297,133.923394,3292.7696,0,33.426568,133.923818,3292.8192,0,33.426839,133.924241,3292.8687,0,33.427111,133.924665,3292.9183,0,33.427382,133.925089,3292.9678,0,33.427653,133.925512,3293.0174,0,33.427924,133.925936,3293.0669,0,33.428195,133.92636,3293.1165,0,33.428466,133.926783,3293.166,0,33.428737,133.927207,3293.2156,0,33.429009,133.927631,3293.2651,0,33.42928,133.928054,3293.3147,0,33.429551,133.928478,3293.3642,0,33.429822,133.928902,3293.4137,0,33.430093,133.929325,3293.4633,0,33.430364,133.929749,3293.5128,0,33.430635,133.930173,3293.5624,0,33.430906,133.930596,3293.6119,0,33.431178,133.93102,3293.6615,0,33.431449,133.931444,3293.711,0,33.43172,133.931868,3293.7606,0,33.431991,133.932291,3293.8101,0,33.432262,133.932715,3293.8596,0,33.432533,133.933139,3293.9092,0,33.432804,133.933562,3293.9587,0,33.433075,133.933986,3294.0083,0,33.433346,133.93441,3294.0578,0,33.433617,133.934833,3294.1073,0,33.433889,133.935257,3294.1569,0,33.43416,133.935681,3294.2064,0,33.434431,133.936104,3294.256,0,33.434702,133.936528,3294.3055,0,33.434973,133.936952,3294.355,0,33.435244,133.937375,3294.4046,0,33.435515,133.937799,3294.4541,0,33.435786,133.938223,3294.5037,0,33.436057,133.938646,3294.5532,0,33.436328,133.93907,3294.6027,0,33.436599,133.939494,3294.6523,0,33.43687,133.939918,3294.7018,0,33.437141,133.940341,3294.7514,0,33.437412,133.940765,3294.8009,0,33.437683,133.941189,3294.8504,0,33.437954,133.941612,3294.9,0,33.438225,133.942036,3294.9495,0,33.438497,133.94246,3294.999,0,33.438768,133.942883,3295.0486,0,33.439039,133.943307,3295.0981,0,33.43931,133.943731,3295.1476,0,33.439581,133.944154,3295.1972,0,33.439852,133.944578,3295.2467,0,33.440123,133.945002,3295.2962,0,33.440394,133.945425,3295.3458,0,33.440665,133.945849,3295.3953,0,33.440936,133.946273,3295.4448,0,33.441207,133.946696,3295.4944,0,33.441478,133.94712,3295.5439,0,33.441749,133.947544,3295.5934,0,33.44202,133.947968,3295.643,0,33.442291,133.948391,3295.6925,0,33.442562,133.948815,3295.742,0,33.442833,133.949239,3295.7916,0,33.443104,133.949662,3295.8411,0,33.443375,133.950086,3295.8906,0,33.443646,133.95051,3295.9402,0,33.443916,133.950933,3295.9897,0,33.444187,133.951357,3296.0392,0,33.444458,133.951781,3296.0887,0,33.444729,133.952204,3296.1383,0,33.445,133.952628,3296.1878,0,33.445271,133.953052,3296.2373,0,33.445542,133.953475,3296.2869,0,33.445813,133.953899,3296.3364,0.056393,33.446084,133.954323,3296.3859,0.43563,33.446355,133.954747,3296.4354,1.9325,33.446626,133.95517,3296.485,5.1572,33.446897,133.955594,3296.5345,6.7344,33.447168,133.956018,3296.584,7.6025,33.447439,133.956441,3296.6335,8.8149,33.44771,133.956865,3296.6831,10.1608,33.447981,133.957289,3296.7326,12.7813,33.448252,133.957712,3296.7821,20.8212,33.448522,133.958136,3296.8316,39.0363,33.448793,133.95856,3296.8812,68.3063,33.449064,133.958983,3296.9307,88.0791,33.449335,133.959407,3296.9802,98.1666,33.449606,133.959831,3297.0297,104.9898,33.449877,133.960254,3297.0793,114.9587,33.450148,133.960678,3297.1288,123.2094,33.450419,133.961102,3297.1783,130.1952,33.45069,133.961525,3297.2278,135.0057,33.450961,133.961949,3297.2773,140.4604,33.451231,133.962373,3297.3269,145.814,33.451502,133.962797,3297.3764,151.8381,33.451773,133.96322,3297.4259,151.9788,33.452044,133.963644,3297.4754,147.0287,33.452315,133.964068,3297.5249,145.3328,33.452586,133.964491,3297.5745,147.5105,33.452857,133.964915,3297.624,152.2051,33.453128,133.965339,3297.6735,158.8768,33.453398,133.965762,3297.723,154.941,33.453669,133.966186,3297.7725,147.9837,33.45394,133.96661,3297.8221,138.8756,33.454211,133.967033,3297.8716,134.7901,33.454482,133.967457,3297.9211,134.8021,33.454753,133.967881,3297.9706,137.329,33.455024,133.968304,3298.0201,141.5809,33.455294,133.968728,3298.0696,147.2249,33.455565,133.969152,3298.1192,139.8865,33.455836,133.969575,3298.1687,124.321,33.456107,133.969999,3298.2182,110.6119,33.456378,133.970423,3298.2677,97.9644,33.456648,133.970847,3298.3172,107.9026,33.456919,133.97127,3298.3667,113.9128,33.45719,133.971694,3298.4163,121.7957,33.457461,133.972118,3298.4658,130.1828,33.457732,133.972541,3298.5153,138.3218,33.458003,133.972965,3298.5648,147.3593,33.458273,133.973389,3298.6143,151.3496,33.458544,133.973812,3298.6638,154.6895,33.458815,133.974236,3298.7133,160.8797,33.459086,133.97466,3298.7628,170.3443,33.459357,133.975083,3298.8124,185.9884,33.459627,133.975507,3298.8619,206.523,33.459898,133.975931,3298.9114,220.9194,33.460169,133.976354,3298.9609,229.3295,33.46044,133.976778,3299.0104,228.7149,33.46071,133.977202,3299.0599,229.8175,33.460981,133.977625,3299.1094,229.4075,33.461252,133.978049,3299.1589,232.4578,33.461523,133.978473,3299.2084,243.9048,33.461793,133.978897,3299.258,253.1159,33.462064,133.97932,3299.3075,266.0492,33.462335,133.979744,3299.357,278.6458,33.462606,133.980168,3299.4065,289.2427,33.462876,133.980591,3299.456,299.5219,33.463147,133.981015,3299.5055,306.2503,33.463418,133.981439,3299.555,308.1285,33.463689,133.981862,3299.6045,310.1954,33.463959,133.982286,3299.654,312.5324,33.46423,133.98271,3299.7035,311.2471,33.464501,133.983133,3299.753,313.4462,33.464772,133.983557,3299.8025,319.6561,33.465042,133.983981,3299.852,322.3335,33.465313,133.984404,3299.9015,322.3536,33.465584,133.984828,3299.951,313.637,33.465855,133.985252,3300.0006,288.1781,33.466125,133.985675,3300.0501,263.4756,33.466396,133.986099,3300.0996,239.7622,33.466667,133.986523,3300.1491,218.8048,33.466937,133.986947,3300.1986,198.6271,33.467208,133.98737,3300.2481,174.5965,33.467479,133.987794,3300.2976,152.6445,33.467749,133.988218,3300.3471,128.6937,33.46802,133.988641,3300.3966,105.2026,33.468291,133.989065,3300.4461,95.9064,33.468562,133.989489,3300.4956,90.2376,33.468832,133.989912,3300.5451,89.1549,33.469103,133.990336,3300.5946,96.0022,33.469374,133.99076,3300.6441,106.2735,33.469644,133.991183,3300.6936,115.072,33.469915,133.991607,3300.7431,102.248,33.470186,133.992031,3300.7926,78.3433,33.470456,133.992454,3300.8421,53.069,33.470727,133.992878,3300.8916,27.5681,33.470998,133.993302,3300.9411,23.6164,33.471268,133.993725,3300.9906,21.916,33.471539,133.994149,3301.0401,23.5501,33.471809,133.994573,3301.0896,24.9896,33.47208,133.994997,3301.1391,27.288,33.472351,133.99542,3301.1886,28.6073,33.472621,133.995844,3301.2381,33.74,33.472892,133.996268,3301.2876,36.8525,33.473163,133.996691,3301.3371,40.9935,33.473433,133.997115,3301.3865,42.4938,33.473704,133.997539,3301.436,42.3348,33.473975,133.997962,3301.4855,37.8918,33.474245,133.998386,3301.535,37.267,33.474516,133.99881,3301.5845,34.7866,33.474786,133.999233,3301.634,33.3176,33.475057,133.999657,3301.6835,35.0523,33.475328,134.000081,3301.733,37.3956,33.475598,134.000504,3301.7825,38.6382,33.475869,134.000928,3301.832,51.7368,33.476139,134.001352,3301.8815,63.9702,33.47641,134.001775,3301.931,85.6847,33.476681,134.002199,3301.9805,104.4499,33.476951,134.002623,3302.03,115.768,33.477222,134.003047,3302.0795,126.7438,33.477492,134.00347,3302.1289,142.2827,33.477763,134.003894,3302.1784,157.7777,33.478033,134.004318,3302.2279,175.2106,33.478304,134.004741,3302.2774,187.8688,33.478575,134.005165,3302.3269,192.6743,33.478845,134.005589,3302.3764,194.1898,33.479116,134.006012,3302.4259,200.9122,33.479386,134.006436,3302.4754,206.813,33.479657,134.00686,3302.5249,209.8681,33.479927,134.007283,3302.5744,210.7578,33.480198,134.007707,3302.6238,211.4467,33.480468,134.008131,3302.6733,215.7275,33.480739,134.008554,3302.7228,227.9174,33.48101,134.008978,3302.7723,244.3944,33.48128,134.009402,3302.8218,258.2847,33.481551,134.009825,3302.8713,274.3065,33.481821,134.010249,3302.9208,289.5169,33.482092,134.010673,3302.9703,294.4915,33.482362,134.011097,3303.0197,286.3226,33.482633,134.01152,3303.0692,266.8092,33.482903,134.011944,3303.1187,248.6088,33.483174,134.012368,3303.1682,254.9674,33.483444,134.012791,3303.2177,268.997,33.483715,134.013215,3303.2672,281.6895,33.483985,134.013639,3303.3166,300.0507,33.484256,134.014062,3303.3661,319.4688,33.484526,134.014486,3303.4156,335.9871,33.484797,134.01491,3303.4651,350.4315,33.485067,134.015333,3303.5146,364.1888,33.485338,134.015757,3303.5641,377.2696,33.485608,134.016181,3303.6135,389.223,33.485879,134.016604,3303.663,402.4009,33.486149,134.017028,3303.7125,414.0777,33.48642,134.017452,3303.762,427.087,33.48669,134.017875,3303.8115,439.1875,33.486961,134.018299,3303.8609,446.2731,33.487231,134.018723,3303.9104,454.5635,33.487502,134.019147,3303.9599,460.8413,33.487772,134.01957,3304.0094,463.7701,33.488042,134.019994,3304.0589,467.7984,33.488313,134.020418,3304.1083,471.5902,33.488583,134.020841,3304.1578,476.1829,33.488854,134.021265,3304.2073,477.565,33.489124,134.021689,3304.2568,480.9357,33.489395,134.022112,3304.3063,487.2938,33.489665,134.022536,3304.3557,492.5693,33.489936,134.02296,3304.4052,495.0317,33.490206,134.023383,3304.4547,501.4471,33.490476,134.023807,3304.5042,510.1291,33.490747,134.024231,3304.5536,516.5572,33.491017,134.024654,3304.6031,517.5194,33.491288,134.025078,3304.6526,516.2357,33.491558,134.025502,3304.7021,521.3329,33.491829,134.025925,3304.7515,529.0979,33.492099,134.026349,3304.801,530.7252,33.492369,134.026773,3304.8505,517.7623,33.49264,134.027197,3304.9,500.9399,33.49291,134.02762,3304.9494,483.4012,33.493181,134.028044,3304.9989,461.9671,33.493451,134.028468,3305.0484,436.0663,33.493721,134.028891,3305.0979,409.6742,33.493992,134.029315,3305.1473,382.7857,33.494262,134.029739,3305.1968,351.8713,33.494533,134.030162,3305.2463,321.3158,33.494803,134.030586,3305.2957,303.6411,33.495073,134.03101,3305.3452,304.0359,33.495344,134.031433,3305.3947,303.2541,33.495614,134.031857,3305.4442,292.2687,33.495884,134.032281,3305.4936,271.6509,33.496155,134.032704,3305.5431,255.0231,33.496425,134.033128,3305.5926,256.7284,33.496695,134.033552,3305.642,277.0981,33.496966,134.033976,3305.6915,296.43,33.497236,134.034399,3305.741,316.1454,33.497507,134.034823,3305.7904,332.4467,33.497777,134.035247,3305.8399,344.7211,33.498047,134.03567,3305.8894,346.6522,33.498318,134.036094,3305.9388,338.5513,33.498588,134.036518,3305.9883,325.0304,33.498858,134.036941,3306.0378,311.9947,33.499129,134.037365,3306.0872,309.6791,33.499399,134.037789,3306.1367,310.7821,33.499669,134.038212,3306.1862,306.2815,33.49994,134.038636,3306.2356,294.2921,33.50021,134.03906,3306.2851,299.8607,33.50048,134.039483,3306.3346,306.0651,33.50075,134.039907,3306.384,316.3806,33.501021,134.040331,3306.4335,330.1005,33.501291,134.040754,3306.483,338.716,33.501561,134.041178,3306.5324,345.4027,33.501832,134.041602,3306.5819,359.9885,33.502102,134.042026,3306.6314,375.1981,33.502372,134.042449,3306.6808,373.5195,33.502643,134.042873,3306.7303,368.3305,33.502913,134.043297,3306.7797,366.0737,33.503183,134.04372,3306.8292,361.8606,33.503453,134.044144,3306.8787,366.9622,33.503724,134.044568,3306.9281,380.5973,33.503994,134.044991,3306.9776,384.8782,33.504264,134.045415,3307.027,388.992,33.504534,134.045839,3307.0765,388.5787,33.504805,134.046262,3307.126,380.3077,33.505075,134.046686,3307.1754,386.5268,33.505345,134.04711,3307.2249,386.0936,33.505616,134.047533,3307.2743,390.4447,33.505886,134.047957,3307.3238,394.4795,33.506156,134.048381,3307.3733,406.5417,33.506426,134.048804,3307.4227,409.3794,33.506697,134.049228,3307.4722,420.2744,33.506967,134.049652,3307.5216,418.4098,33.507237,134.050076,3307.5711,409.3982,33.507507,134.050499,3307.6205,413.3841,33.507777,134.050923,3307.67,427.4123,33.508048,134.051347,3307.7195,437.7755,33.508318,134.05177,3307.7689,448.895,33.508588,134.052194,3307.8184,460.2915,33.508858,134.052618,3307.8678,477.4842,33.509129,134.053041,3307.9173,492.4323,33.509399,134.053465,3307.9667,505.6443,33.509669,134.053889,3308.0162,519.7552,33.509939,134.054312,3308.0656,529.5782,33.510209,134.054736,3308.1151,540.3158,33.51048,134.05516,3308.1646,552.9659,33.51075,134.055583,3308.214,568.1819,33.51102,134.056007,3308.2635,579.2719,33.51129,134.056431,3308.3129,587.7711,33.51156,134.056854,3308.3624,594.2385,33.511831,134.057278,3308.4118,609.6263,33.512101,134.057702,3308.4613,628.1034,33.512371,134.058126,3308.5107,650.9627,33.512641,134.058549,3308.5602,674.9431,33.512911,134.058973,3308.6096,693.8279,33.513181,134.059397,3308.6591,714.3776,33.513452,134.05982,3308.7085,724.7264,33.513722,134.060244,3308.758,727.458,33.513992,134.060668,3308.8074,716.8518,33.514262,134.061091,3308.8569,697.6746,33.514532,134.061515,3308.9063,679.5368,33.514802,134.061939,3308.9558,661.943,33.515072,134.062362,3309.0052,661.4124,33.515343,134.062786,3309.0547,668.1568,33.515613,134.06321,3309.1041,668.1026,33.515883,134.063633,3309.1536,654.6691,33.516153,134.064057,3309.203,640.1029,33.516423,134.064481,3309.2525,629.9059,33.516693,134.064904,3309.3019,637.8079,33.516963,134.065328,3309.3513,644.2567,33.517233,134.065752,3309.4008,644.0884,33.517504,134.066176,3309.4502,647.2548,33.517774,134.066599,3309.4997,659.7693,33.518044,134.067023,3309.5491,668.9971,33.518314,134.067447,3309.5986,667.1934,33.518584,134.06787,3309.648,665.596,33.518854,134.068294,3309.6975,673.5943,33.519124,134.068718,3309.7469,673.7752,33.519394,134.069141,3309.7963,655.4296,33.519664,134.069565,3309.8458,632.862,33.519935,134.069989,3309.8952,641.4137,33.520205,134.070412,3309.9447,658.4292,33.520475,134.070836,3309.9941,668.0902,33.520745,134.07126,3310.0436,664.9319,33.521015,134.071683,3310.093,646.0039,33.521285,134.072107,3310.1424,625.0465,33.521555,134.072531,3310.1919,605.5947,33.521825,134.072954,3310.2413,597.6018,33.522095,134.073378,3310.2908,602.2843,33.522365,134.073802,3310.3402,600.4618,33.522635,134.074226,3310.3896,573.519,33.522905,134.074649,3310.4391,548.7824,33.523175,134.075073,3310.4885,548.7751,33.523445,134.075497,3310.538,562.9458,33.523715,134.07592,3310.5874,574.4225,33.523985,134.076344,3310.6368,580.132,33.524256,134.076768,3310.6863,580.3312,33.524526,134.077191,3310.7357,585.5642,33.524796,134.077615,3310.7851,590.7734,33.525066,134.078039,3310.8346,595.6945,33.525336,134.078462,3310.884,590.1627,33.525606,134.078886,3310.9335,581.7365,33.525876,134.07931,3310.9829,572.0402,33.526146,134.079733,3311.0323,565.724,33.526416,134.080157,3311.0818,564.3126,33.526686,134.080581,3311.1312,570.7922,33.526956,134.081004,3311.1806,575.3379,33.527226,134.081428,3311.2301,573.245,33.527496,134.081852,3311.2795,591.6849,33.527766,134.082276,3311.3289,616.538,33.528036,134.082699,3311.3784,646.2971,33.528306,134.083123,3311.4278,674.8052,33.528576,134.083547,3311.4772,700.806,33.528846,134.08397,3311.5267,721.2831,33.529116,134.084394,3311.5761,729.4692,33.529386,134.084818,3311.6255,745.8555,33.529656,134.085241,3311.675,768.7832,33.529926,134.085665,3311.7244,784.3259,33.530196,134.086089,3311.7738,796.8679,33.530466,134.086512,3311.8233,810.7703,33.530735,134.086936,3311.8727,817.024,33.531005,134.08736,3311.9221,823.5241,33.531275,134.087783,3311.9715,833.4735,33.531545,134.088207,3312.021,857.5318,33.531815,134.088631,3312.0704,885.3915,33.532085,134.089054,3312.1198,902.6541,33.532355,134.089478,3312.1693,910.5299,33.532625,134.089902,3312.2187,894.7678,33.532895,134.090326,3312.2681,865.4326,33.533165,134.090749,3312.3175,837.4901,33.533435,134.091173,3312.367,810.9531,33.533705,134.091597,3312.4164,786.7512,33.533975,134.09202,3312.4658,763.6245,33.534245,134.092444,3312.5152,741.7676,33.534515,134.092868,3312.5647,715.1007,33.534785,134.093291,3312.6141,692.9688,33.535054,134.093715,3312.6635,675.9822,33.535324,134.094139,3312.713,658.1559,33.535594,134.094562,3312.7624,637.5424,33.535864,134.094986,3312.8118,628.6941,33.536134,134.09541,3312.8612,610.1943,33.536404,134.095833,3312.9106,593.9051,33.536674,134.096257,3312.9601,584.1678,33.536944,134.096681,3313.0095,573.8993,33.537214,134.097104,3313.0589,556.5216,33.537484,134.097528,3313.1083,536.2072,33.537753,134.097952,3313.1578,513.3751,33.538023,134.098376,3313.2072,487.5146,33.538293,134.098799,3313.2566,463.5199,33.538563,134.099223,3313.306,452.1902,33.538833,134.099647,3313.3554,451.6688,33.539103,134.10007,3313.4049,474.2388,33.539373,134.100494,3313.4543,498.8991,33.539643,134.100918,3313.5037,513.6734,33.539912,134.101341,3313.5531,520.7638,33.540182,134.101765,3313.6025,518.1589,33.540452,134.102189,3313.652,519.9053,33.540722,134.102612,3313.7014,526.5519,33.540992,134.103036,3313.7508,536.3059,33.541262,134.10346,3313.8002,549.5888,33.541531,134.103883,3313.8496,551.4436,33.541801,134.104307,3313.8991,543.0788,33.542071,134.104731,3313.9485,531.8791,33.542341,134.105155,3313.9979,516.1138,33.542611,134.105578,3314.0473,498.556,33.542881,134.106002,3314.0967,482.3333,33.54315,134.106426,3314.1461,465.482,33.54342,134.106849,3314.1956,445.908,33.54369,134.107273,3314.245,426.9183,33.54396,134.107697,3314.2944,400.8925,33.54423,134.10812,3314.3438,369.1157,33.544499,134.108544,3314.3932,339.7712,33.544769,134.108968,3314.4426,316.6479,33.545039,134.109391,3314.492,304.0241,33.545309,134.109815,3314.5415,299.9329,33.545579,134.110239,3314.5909,297.5631,33.545848,134.110662,3314.6403,297.0289,33.546118,134.111086,3314.6897,296.4527,33.546388,134.11151,3314.7391,302.6471,33.546658,134.111933,3314.7885,316.8982,33.546928,134.112357,3314.8379,329.396,33.547197,134.112781,3314.8873,339.603,33.547467,134.113205,3314.9368,334.1971,33.547737,134.113628,3314.9862,323.0142,33.548007,134.114052,3315.0356,313.499,33.548276,134.114476,3315.085,297.5293,33.548546,134.114899,3315.1344,279.87,33.548816,134.115323,3315.1838,266.0785,33.549086,134.115747,3315.2332,258.6478,33.549355,134.11617,3315.2826,256.4099,33.549625,134.116594,3315.332,264.2841,33.549895,134.117018,3315.3814,277.2874,33.550165,134.117441,3315.4309,298.6617,33.550434,134.117865,3315.4803,318.279,33.550704,134.118289,3315.5297,339.0918,33.550974,134.118712,3315.5791,356.9346,33.551244,134.119136,3315.6285,370.9954,33.551513,134.11956,3315.6779,385.1141,33.551783,134.119983,3315.7273,403.1862,33.552053,134.120407,3315.7767,410.3695,33.552322,134.120831,3315.8261,423.7399,33.552592,134.121255,3315.8755,441.9004,33.552862,134.121678,3315.9249,455.9066,33.553132,134.122102,3315.9743,465.4012,33.553401,134.122526,3316.0237,489.1925,33.553671,134.122949,3316.0731,511.5623,33.553941,134.123373,3316.1225,533.8298,33.55421,134.123797,3316.1719,559.7333,33.55448,134.12422,3316.2213,582.451,33.55475,134.124644,3316.2707,603.8193,33.555019,134.125068,3316.3201,625.9238,33.555289,134.125491,3316.3695,647.9634,33.555559,134.125915,3316.419,663.4473,33.555828,134.126339,3316.4684,678.6062,33.556098,134.126762,3316.5178,698.9527,33.556368,134.127186,3316.5672,721.4729,33.556637,134.12761,3316.6166,751.3521,33.556907,134.128033,3316.666,780.8689,33.557177,134.128457,3316.7154,806.8469,33.557446,134.128881,3316.7648,823.9045,33.557716,134.129305,3316.8142,836.7674,33.557986,134.129728,3316.8636,851.0658,33.558255,134.130152,3316.913,854.253,33.558525,134.130576,3316.9624,852.3469,33.558795,134.130999,3317.0118,847.7187,33.559064,134.131423,3317.0611,840.1636,33.559334,134.131847,3317.1105,835.9777,33.559604,134.13227,3317.1599,840.0622,33.559873,134.132694,3317.2093,854.562,33.560143,134.133118,3317.2587,863.4085,33.560412,134.133541,3317.3081,859.2836,33.560682,134.133965,3317.3575,848.5175,33.560952,134.134389,3317.4069,832.7669,33.561221,134.134812,3317.4563,823.3652,33.561491,134.135236,3317.5057,826.1542,33.56176,134.13566,3317.5551,824.6284,33.56203,134.136083,3317.6045,820.8943,33.5623,134.136507,3317.6539,814.0118,33.562569,134.136931,3317.7033,804.4341,33.562839,134.137355,3317.7527,794.4087,33.563108,134.137778,3317.8021,777.5124,33.563378,134.138202,3317.8515,757.8219,33.563648,134.138626,3317.9009,745.5621,33.563917,134.139049,3317.9503,756.7263,33.564187,134.139473,3317.9996,772.4537,33.564456,134.139897,3318.049,769.8813,33.564726,134.14032,3318.0984,763.0209,33.564995,134.140744,3318.1478,744.4499,33.565265,134.141168,3318.1972,718.2676,33.565535,134.141591,3318.2466,687.3012,33.565804,134.142015,3318.296,653.8517,33.566074,134.142439,3318.3454,627.1221,33.566343,134.142862,3318.3948,603.4603,33.566613,134.143286,3318.4442,619.2652,33.566882,134.14371,3318.4936,644.8878,33.567152,134.144133,3318.5429,674.5119,33.567421,134.144557,3318.5923,700.7436,33.567691,134.144981,3318.6417,709.0526,33.56796,134.145405,3318.6911,711.5249,33.56823,134.145828,3318.7405,693.9985,33.568499,134.146252,3318.7899,669.8673,33.568769,134.146676,3318.8393,632.4637,33.569039,134.147099,3318.8887,598.1001,33.569308,134.147523,3318.938,584.0803,33.569578,134.147947,3318.9874,579.4469,33.569847,134.14837,3319.0368,600.5384,33.570117,134.148794,3319.0862,615.1028,33.570386,134.149218,3319.1356,612.3044,33.570656,134.149641,3319.185,602.4567,33.570925,134.150065,3319.2344,593.6689,33.571195,134.150489,3319.2837,596.5846,33.571464,134.150912,3319.3331,607.6371,33.571734,134.151336,3319.3825,621.3813,33.572003,134.15176,3319.4319,634.1183,33.572273,134.152183,3319.4813,650.9806,33.572542,134.152607,3319.5307,683.921,33.572811,134.153031,3319.58,714.5277,33.573081,134.153455,3319.6294,743.5607,33.57335,134.153878,3319.6788,769.1537,33.57362,134.154302,3319.7282,794.7917,33.573889,134.154726,3319.7776,823.8472,33.574159,134.155149,3319.8269,839.3371,33.574428,134.155573,3319.8763,855.0536,33.574698,134.155997,3319.9257,876.9061,33.574967,134.15642,3319.9751,888.3412,33.575237,134.156844,3320.0245,887.3043,33.575506,134.157268,3320.0738,878.1855,33.575776,134.157691,3320.1232,851.0064,33.576045,134.158115,3320.1726,822.348,33.576314,134.158539,3320.222,796.3117,33.576584,134.158962,3320.2714,780.5647,33.576853,134.159386,3320.3207,769.8458,33.577123,134.15981,3320.3701,752.3456,33.577392,134.160233,3320.4195,733.3933,33.577662,134.160657,3320.4689,717.5693,33.577931,134.161081,3320.5182,703.3714,33.5782,134.161505,3320.5676,702.3006,33.57847,134.161928,3320.617,711.8161,33.578739,134.162352,3320.6664,715.5127,33.579009,134.162776,3320.7157,709.5462,33.579278,134.163199,3320.7651,698.9527,33.579547,134.163623,3320.8145,686.28,33.579817,134.164047,3320.8639,683.2731,33.580086,134.16447,3320.9132,688.1402,33.580356,134.164894,3320.9626,694.4465,33.580625,134.165318,3321.012,702.8007,33.580894,134.165741,3321.0614,720.0444,33.581164,134.166165,3321.1107,738.0222,33.581433,134.166589,3321.1601,752.899,33.581702,134.167012,3321.2095,765.2261,33.581972,134.167436,3321.2588,775.6788,33.582241,134.16786,3321.3082,780.8554,33.582511,134.168283,3321.3576,759.2062,33.58278,134.168707,3321.407,733.475,33.583049,134.169131,3321.4563,702.119,33.583319,134.169555,3321.5057,680.0894,33.583588,134.169978,3321.5551,661.2116,33.583857,134.170402,3321.6044,641.4427,33.584127,134.170826,3321.6538,617.6763,33.584396,134.171249,3321.7032,593.6396,33.584665,134.171673,3321.7525,577.739,33.584935,134.172097,3321.8019,563.7972,33.585204,134.17252,3321.8513,593.9326,33.585473,134.172944,3321.9006,622.0248,33.585743,134.173368,3321.95,653.6153,33.586012,134.173791,3321.9994,681.2369,33.586281,134.174215,3322.0487,701.1462,33.586551,134.174639,3322.0981,707.6659,33.58682,134.175062,3322.1475,703.5797,33.587089,134.175486,3322.1968,700.5026,33.587359,134.17591,3322.2462,706.9589,33.587628,134.176334,3322.2956,721.0664,33.587897,134.176757,3322.3449,736.3296,33.588166,134.177181,3322.3943,752.4499,33.588436,134.177605,3322.4437,768.8471,33.588705,134.178028,3322.493,777.1528,33.588974,134.178452,3322.5424,772.8232,33.589244,134.178876,3322.5918,770.7651,33.589513,134.179299,3322.6411,764.9454,33.589782,134.179723,3322.6905,756.5818,33.590051,134.180147,3322.7399,746.1671,33.590321,134.18057,3322.7892,742.6643,33.59059,134.180994,3322.8386,745.5171,33.590859,134.181418,3322.8879,732.9121,33.591128,134.181841,3322.9373,709.5365,33.591398,134.182265,3322.9867,680.3199,33.591667,134.182689,3323.036,653.1738,33.591936,134.183112,3323.0854,629.8965,33.592206,134.183536,3323.1347,611.2222,33.592475,134.18396,3323.1841,593.3669,33.592744,134.184384,3323.2335,573.4999,33.593013,134.184807,3323.2828,548.5604,33.593282,134.185231,3323.3322,531.1808,33.593552,134.185655,3323.3815,512.6689,33.593821,134.186078,3323.4309,492.1948,33.59409,134.186502,3323.4803,485.4606,33.594359,134.186926,3323.5296,491.9014,33.594629,134.187349,3323.579,500.518,33.594898,134.187773,3323.6283,511.804,33.595167,134.188197,3323.6777,513.7025,33.595436,134.18862,3323.727,510.3208,33.595705,134.189044,3323.7764,507.3259,33.595975,134.189468,3323.8257,500.9436,33.596244,134.189891,3323.8751,496.1326,33.596513,134.190315,3323.9245,483.7207,33.596782,134.190739,3323.9738,468.122,33.597051,134.191162,3324.0232,461.4219,33.597321,134.191586,3324.0725,461.7676,33.59759,134.19201,3324.1219,472.7416,33.597859,134.192434,3324.1712,479.8284,33.598128,134.192857,3324.2206,483.8853,33.598397,134.193281,3324.2699,502.8908,33.598667,134.193705,3324.3193,525.9439,33.598936,134.194128,3324.3686,546.5853,33.599205,134.194552,3324.418,551.899,33.599474,134.194976,3324.4673,535.232,33.599743,134.195399,3324.5167,525.0589,33.600012,134.195823,3324.566,521.5378,33.600282,134.196247,3324.6154,523.5619,33.600551,134.19667,3324.6647,533.2536,33.60082,134.197094,3324.7141,538.1058,33.601089,134.197518,3324.7634,544.2564,33.601358,134.197941,3324.8128,553.1754,33.601627,134.198365,3324.8621,547.4503,33.601896,134.198789,3324.9115,537.4045,33.602166,134.199212,3324.9608,523.3247,33.602435,134.199636,3325.0102,501.0432,33.602704,134.20006,3325.0595,478.8507,33.602973,134.200484,3325.1089,456.9083,33.603242,134.200907,3325.1582,444.5616,33.603511,134.201331,3325.2076,430.8028,33.60378,134.201755,3325.2569,424.539,33.604049,134.202178,3325.3063,417.899,33.604319,134.202602,3325.3556,413.9977,33.604588,134.203026,3325.405,407.0196,33.604857,134.203449,3325.4543,389.0381,33.605126,134.203873,3325.5037,367.6733,33.605395,134.204297,3325.553,335.9851,33.605664,134.20472,3325.6023,304.9509,33.605933,134.205144,3325.6517,279.7956,33.606202,134.205568,3325.701,259.2268,33.606471,134.205991,3325.7504,250.5828,33.60674,134.206415,3325.7997,268.8991,33.607009,134.206839,3325.8491,284.028,33.607279,134.207262,3325.8984,293.2273,33.607548,134.207686,3325.9478,309.2382,33.607817,134.20811,3325.9971,330.9962,33.608086,134.208534,3326.0464,351.2062,33.608355,134.208957,3326.0958,345.1009,33.608624,134.209381,3326.1451,328.3719,33.608893,134.209805,3326.1945,302.7418,33.609162,134.210228,3326.2438,268.3325,33.609431,134.210652,3326.2931,243.916,33.6097,134.211076,3326.3425,232.391,33.609969,134.211499,3326.3918,240.1149,33.610238,134.211923,3326.4412,247.6592,33.610507,134.212347,3326.4905,271.2072,33.610776,134.21277,3326.5398,308.3181,33.611045,134.213194,3326.5892,341.4309,33.611314,134.213618,3326.6385,370.8623,33.611583,134.214041,3326.6879,395.7968,33.611852,134.214465,3326.7372,415.9662,33.612121,134.214889,3326.7865,413.8967,33.61239,134.215312,3326.8359,402.7268,33.612659,134.215736,3326.8852,385.8224,33.612928,134.21616,3326.9345,370.9924,33.613197,134.216584,3326.9839,382.4144,33.613466,134.217007,3327.0332,402.9446,33.613735,134.217431,3327.0825,407.6898,33.614004,134.217855,3327.1319,393.7695,33.614273,134.218278,3327.1812,374.6733,33.614542,134.218702,3327.2305,354.2658,33.614811,134.219126,3327.2799,333.4686,33.61508,134.219549,3327.3292,313.8133,33.615349,134.219973,3327.3785,301.5689,33.615618,134.220397,3327.4279,292.5196,33.615887,134.22082,3327.4772,296.3557,33.616156,134.221244,3327.5265,302.7937,33.616425,134.221668,3327.5759,322.5664,33.616694,134.222091,3327.6252,345.2868,33.616963,134.222515,3327.6745,367.5616,33.617232,134.222939,3327.7239,385.3532,33.617501,134.223362,3327.7732,416.2235,33.61777,134.223786,3327.8225,442.5572,33.618039,134.22421,3327.8719,463.7225,33.618308,134.224634,3327.9212,464.65,33.618577,134.225057,3327.9705,465.7665,33.618846,134.225481,3328.0199,468.3736,33.619115,134.225905,3328.0692,489.1257,33.619384,134.226328,3328.1185,509.9191,33.619653,134.226752,3328.1678,531.2419,33.619922,134.227176,3328.2172,557.1099,33.620191,134.227599,3328.2665,584.15,33.620459,134.228023,3328.3158,611.5498,33.620728,134.228447,3328.3652,632.6936,33.620997,134.22887,3328.4145,655.7355,33.621266,134.229294,3328.4638,675.8044,33.621535,134.229718,3328.5131,694.0127,33.621804,134.230141,3328.5625,710.0213,33.622073,134.230565,3328.6118,728.9579,33.622342,134.230989,3328.6611,740.9939,33.622611,134.231412,3328.7104,752.03,33.62288,134.231836,3328.7598,766.0225,33.623148,134.23226,3328.8091,780.9491,33.623417,134.232684,3328.8584,792.9235,33.623686,134.233107,3328.9077,813.6511,33.623955,134.233531,3328.9571,836.6876,33.624224,134.233955,3329.0064,858.8065,33.624493,134.234378,3329.0557,881.0931,33.624762,134.234802,3329.105,894.4209,33.625031,134.235226,3329.1543,881.9871,33.625299,134.235649,3329.2037,853.4751,33.625568,134.236073,3329.253,810.2221,33.625837,134.236497,3329.3023,778.732,33.626106,134.23692,3329.3516,745.8793,33.626375,134.237344,3329.401,715.3734,33.626644,134.237768,3329.4503,693.3922,33.626913,134.238191,3329.4996,667.4874,33.627181,134.238615,3329.5489,632.4863,33.62745,134.239039,3329.5982,602.2655,33.627719,134.239462,3329.6476,570.7358,33.627988,134.239886,3329.6969,546.929,33.628257,134.24031,3329.7462,530.6114,33.628526,134.240734,3329.7955,519.4114,33.628794,134.241157,3329.8448,510.6823,33.629063,134.241581,3329.8941,495.8337,33.629332,134.242005,3329.9435,479.7008,33.629601,134.242428,3329.9928,465.9023,33.62987,134.242852,3330.0421,455.0252,33.630139,134.243276,3330.0914,443.093,33.630407,134.243699,3330.1407,430.6254,33.630676,134.244123,3330.19,411.9791,33.630945,134.244547,3330.2394,390.9155,33.631214,134.24497,3330.2887,378.9403,33.631483,134.245394,3330.338,370.6351,33.631751,134.245818,3330.3873,364.6331,33.63202,134.246241,3330.4366,359.3888,33.632289,134.246665,3330.4859,346.9652,33.632558,134.247089,3330.5353,332.6829,33.632826,134.247512,3330.5846,308.3225,33.633095,134.247936,3330.6339,289.3869,33.633364,134.24836,3330.6832,292.6334,33.633633,134.248784,3330.7325,297.9192,33.633902,134.249207,3330.7818,314.3061,33.63417,134.249631,3330.8311,328.2272,33.634439,134.250055,3330.8804,350.3332,33.634708,134.250478,3330.9298,377.0488,33.634977,134.250902,3330.9791,404.1566,33.635245,134.251326,3331.0284,432.4245,33.635514,134.251749,3331.0777,456.7102,33.635783,134.252173,3331.127,483.4101,33.636052,134.252597,3331.1763,518.5679,33.63632,134.25302,3331.2256,550.0401,33.636589,134.253444,3331.2749,571.1125,33.636858,134.253868,3331.3242,586.1763,33.637127,134.254291,3331.3735,594.4002,33.637395,134.254715,3331.4228,609.0801,33.637664,134.255139,3331.4722,618.1095,33.637933,134.255563,3331.5215,623.571,33.638201,134.255986,3331.5708,609.0773,33.63847,134.25641,3331.6201,580.8557,33.638739,134.256834,3331.6694,555.5082,33.639008,134.257257,3331.7187,533.9732,33.639276,134.257681,3331.768,519.4391,33.639545,134.258105,3331.8173,499.0381,33.639814,134.258528,3331.8666,471.0996,33.640082,134.258952,3331.9159,438.0992,33.640351,134.259376,3331.9652,401.3321,33.64062,134.259799,3332.0145,368.5944,33.640888,134.260223,3332.0638,338.7851,33.641157,134.260647,3332.1131,309.6667,33.641426,134.26107,3332.1624,284.0666,33.641694,134.261494,3332.2117,261.2414,33.641963,134.261918,3332.261,239.3378,33.642232,134.262341,3332.3103,224.76,33.6425,134.262765,3332.3596,215.375,33.642769,134.263189,3332.4089,218.3736,33.643038,134.263613,3332.4582,222.6101,33.643306,134.264036,3332.5076,224.7094,33.643575,134.26446,3332.5569,225.6521,33.643844,134.264884,3332.6062,222.5783,33.644112,134.265307,3332.6555,223.3436,33.644381,134.265731,3332.7048,223.7284,33.64465,134.266155,3332.7541,220.4183,33.644918,134.266578,3332.8034,219.7471,33.645187,134.267002,3332.8527,216.6198,33.645456,134.267426,3332.902,203.4521,33.645724,134.267849,3332.9513,183.964,33.645993,134.268273,3333.0005,155.9486,33.646261,134.268697,3333.0498,128.6363,33.64653,134.26912,3333.0991,115.881,33.646799,134.269544,3333.1484,110.8051,33.647067,134.269968,3333.1977,98.4252,33.647336,134.270391,3333.247,88.9704,33.647605,134.270815,3333.2963,98.1478,33.647873,134.271239,3333.3456,110.4331,33.648142,134.271663,3333.3949,145.9411,33.64841,134.272086,3333.4442,181.0656,33.648679,134.27251,3333.4935,212.5413,33.648948,134.272934,3333.5428,244.6358,33.649216,134.273357,3333.5921,262.7135,33.649485,134.273781,3333.6414,280.5849,33.649753,134.274205,3333.6907,286.8317,33.650022,134.274628,3333.74,292.6927,33.65029,134.275052,3333.7893,293.8683,33.650559,134.275476,3333.8386,295.227,33.650828,134.275899,3333.8879,281.3431,33.651096,134.276323,3333.9372,263.1138,33.651365,134.276747,3333.9865,243.3276,33.651633,134.27717,3334.0357,237.5968,33.651902,134.277594,3334.085,241.8369,33.65217,134.278018,3334.1343,249.1307,33.652439,134.278441,3334.1836,251.5794,33.652707,134.278865,3334.2329,252.271,33.652976,134.279289,3334.2822,251.6409,33.653245,134.279713,3334.3315,239.1268,33.653513,134.280136,3334.3808,224.6326,33.653782,134.28056,3334.4301,212.2618,33.65405,134.280984,3334.4794,193.4435,33.654319,134.281407,3334.5286,168.3182,33.654587,134.281831,3334.5779,142.2796,33.654856,134.282255,3334.6272,125.9286,33.655124,134.282678,3334.6765,122.5223,33.655393,134.283102,3334.7258,132.3525,33.655661,134.283526,3334.7751,154.9668,33.65593,134.283949,3334.8244,179.9157,33.656198,134.284373,3334.8737,206.0456,33.656467,134.284797,3334.9229,232.5593,33.656735,134.28522,3334.9722,258.6265,33.657004,134.285644,3335.0215,268.3325,33.657272,134.286068,3335.0708,257.9642,33.657541,134.286491,3335.1201,231.7825,33.657809,134.286915,3335.1694,203.9985,33.658078,134.287339,3335.2187,179.7965,33.658346,134.287763,3335.2679,165.6937,33.658615,134.288186,3335.3172,170.06,33.658883,134.28861,3335.3665,182.7227,33.659152,134.289034,3335.4158,186.5365,33.65942,134.289457,3335.4651,179.8702,33.659689,134.289881,3335.5144,173.1557,33.659957,134.290305,3335.5636,162.1989,33.660226,134.290728,3335.6129,172.4385,33.660494,134.291152,3335.6622,191.4931,33.660762,134.291576,3335.7115,217.1917,33.661031,134.291999,3335.7608,237.6758,33.661299,134.292423,3335.8101,249.1521,33.661568,134.292847,3335.8593,262.6394,33.661836,134.29327,3335.9086,261.1921,33.662105,134.293694,3335.9579,255.1999,33.662373,134.294118,3336.0072,234.4794,33.662642,134.294541,3336.0565,212.224,33.66291,134.294965,3336.1057,197.273,33.663178,134.295389,3336.155,186.0993,33.663447,134.295813,3336.2043,194.9226,33.663715,134.296236,3336.2536,211.0406,33.663984,134.29666,3336.3028,229.8868,33.664252,134.297084,3336.3521,249.2633,33.66452,134.297507,3336.4014,249.5331,33.664789,134.297931,3336.4507,246.129,33.665057,134.298355,3336.5,229.1797,33.665326,134.298778,3336.5492,209.6033,33.665594,134.299202,3336.5985,195.6616,33.665862,134.299626,3336.6478,186.726,33.666131,134.300049,3336.6971,171.7536,33.666399,134.300473,3336.7463,153.9503,33.666668,134.300897,3336.7956,144.0217,33.666936,134.30132,3336.8449,142.4771,33.667204,134.301744,3336.8942,161.1711,33.667473,134.302168,3336.9434,177.983,33.667741,134.302591,3336.9927,190.1521,33.66801,134.303015,3337.042,205.7911,33.668278,134.303439,3337.0912,221.0576,33.668546,134.303863,3337.1405,237.9536,33.668815,134.304286,3337.1898,251.4545,33.669083,134.30471,3337.2391,267.9887,33.669351,134.305134,3337.2883,285.6806,33.66962,134.305557,3337.3376,299.6866,33.669888,134.305981,3337.3869,303.8925,33.670156,134.306405,3337.4361,304.1613,33.670425,134.306828,3337.4854,305.628,33.670693,134.307252,3337.5347,309.8673,33.670961,134.307676,3337.584,312.0208,33.67123,134.308099,3337.6332,306.8352,33.671498,134.308523,3337.6825,288.3605,33.671766,134.308947,3337.7318,260.4164,33.672035,134.30937,3337.781,226.718,33.672303,134.309794,3337.8303,191.883,33.672571,134.310218,3337.8796,155.6749,33.67284,134.310641,3337.9288,117.4042,33.673108,134.311065,3337.9781,77.9476,33.673376,134.311489,3338.0274,56.3703,33.673645,134.311913,3338.0766,52.5231,33.673913,134.312336,3338.1259,69.3247,33.674181,134.31276,3338.1752,86.8195,33.674449,134.313184,3338.2244,99.9566,33.674718,134.313607,3338.2737,107.7978,33.674986,134.314031,3338.323,104.2843,33.675254,134.314455,3338.3722,99.3305,33.675523,134.314878,3338.4215,98.4972,33.675791,134.315302,3338.4708,108.0751,33.676059,134.315726,3338.52,120.507,33.676327,134.316149,3338.5693,137.9054,33.676596,134.316573,3338.6186,151.8071,33.676864,134.316997,3338.6678,164.2932,33.677132,134.31742,3338.7171,169.6188,33.677401,134.317844,3338.7663,165.5958,33.677669,134.318268,3338.8156,141.7209,33.677937,134.318691,3338.8649,120.3981,33.678205,134.319115,3338.9141,104.5485,33.678474,134.319539,3338.9634,93.6265,33.678742,134.319963,3339.0126,94.8565,33.67901,134.320386,3339.0619,102.1723,33.679278,134.32081,3339.1112,104.9754,33.679546,134.321234,3339.1604,102.2388,33.679815,134.321657,3339.2097,94.8837,33.680083,134.322081,3339.2589,91.5246,33.680351,134.322505,3339.3082,86.4256,33.680619,134.322928,3339.3575,78.9496,33.680888,134.323352,3339.4067,79.9502,33.681156,134.323776,3339.456,72.1575,33.681424,134.324199,3339.5052,65.5925,33.681692,134.324623,3339.5545,70.2973,33.68196,134.325047,3339.6038,78.5665,33.682229,134.32547,3339.653,90.1809,33.682497,134.325894,3339.7023,98.484,33.682765,134.326318,3339.7515,108.1911,33.683033,134.326742,3339.8008,122.5214,33.683301,134.327165,3339.85,134.5071,33.68357,134.327589,3339.8993,148.7688,33.683838,134.328013,3339.9485,165.0079,33.684106,134.328436,3339.9978,168.7448,33.684374,134.32886,3340.0471,170.5593,33.684642,134.329284,3340.0963,176.1677,33.684911,134.329707,3340.1456,185.4405,33.685179,134.330131,3340.1948,194.6888,33.685447,134.330555,3340.2441,205.2939,33.685715,134.330978,3340.2933,197.455,33.685983,134.331402,3340.3426,190.1438,33.686251,134.331826,3340.3918,186.3708,33.68652,134.332249,3340.4411,188.2989,33.686788,134.332673,3340.4903,196.7419,33.687056,134.333097,3340.5396,204.9702,33.687324,134.33352,3340.5888,211.2098,33.687592,134.333944,3340.6381,214.6635,33.68786,134.334368,3340.6873,213.9544,33.688128,134.334792,3340.7366,205.7786,33.688397,134.335215,3340.7858,189.2273,33.688665,134.335639,3340.8351,180.6096,33.688933,134.336063,3340.8843,184.6519,33.689201,134.336486,3340.9336,198.5596,33.689469,134.33691,3340.9828,209.2123,33.689737,134.337334,3341.0321,213.6005,33.690005,134.337757,3341.0813,216.5557,33.690273,134.338181,3341.1306,235.5581,33.690541,134.338605,3341.1798,258.1668,33.69081,134.339028,3341.2291,286.5265,33.691078,134.339452,3341.2783,316.7747,33.691346,134.339876,3341.3276,338.7838,33.691614,134.340299,3341.3768,362.0818,33.691882,134.340723,3341.4261,375.1182,33.69215,134.341147,3341.4753,386.6632,33.692418,134.34157,3341.5245,384.4783,33.692686,134.341994,3341.5738,373.9424,33.692954,134.342418,3341.623,373.9565,33.693222,134.342842,3341.6723,376.376,33.69349,134.343265,3341.7215,383.0425,33.693759,134.343689,3341.7708,383.5008,33.694027,134.344113,3341.82,372.9935,33.694295,134.344536,3341.8693,358.1846,33.694563,134.34496,3341.9185,345.0959,33.694831,134.345384,3341.9677,333.2115,33.695099,134.345807,3342.017,324.0346,33.695367,134.346231,3342.0662,315.0177,33.695635,134.346655,3342.1155,301.1625,33.695903,134.347078,3342.1647,283.8906,33.696171,134.347502,3342.2139,267.4635,33.696439,134.347926,3342.2632,253.4731,33.696707,134.348349,3342.3124,250.2004,33.696975,134.348773,3342.3617,246.2017,33.697243,134.349197,3342.4109,238.5659,33.697511,134.34962,3342.4601,234.1811,33.697779,134.350044,3342.5094,237.7892,33.698047,134.350468,3342.5586,245.9525,33.698315,134.350892,3342.6079,253.8771,33.698583,134.351315,3342.6571,254.119,33.698851,134.351739,3342.7063,248.7409,33.699119,134.352163,3342.7556,257.0053,33.699387,134.352586,3342.8048,265.3067,33.699655,134.35301,3342.8541,268.6404,33.699923,134.353434,3342.9033,280.2339,33.700191,134.353857,3342.9525,297.9391,33.700459,134.354281,3343.0018,318.4298,33.700727,134.354705,3343.051,338.8707,33.700995,134.355128,3343.1002,360.476,33.701263,134.355552,3343.1495,382.7387,33.701531,134.355976,3343.1987,402.5295,33.701799,134.356399,3343.2479,423.7868,33.702067,134.356823,3343.2972,442.0858,33.702335,134.357247,3343.3464,460.7106,33.702603,134.35767,3343.3956,482.2597,33.702871,134.358094,3343.4449,508.0874,33.703139,134.358518,3343.4941,539.8774,33.703407,134.358942,3343.5433,572.2136,33.703675,134.359365,3343.5926,605.2864,33.703943,134.359789,3343.6418,628.8068,33.704211,134.360213,3343.691,626.7552,33.704479,134.360636,3343.7403,619.9405,33.704747,134.36106,3343.7895,607.6385,33.705015,134.361484,3343.8387,596.8852,33.705283,134.361907,3343.888,591.0575,33.705551,134.362331,3343.9372,591.1544,33.705818,134.362755,3343.9864,598.7752,33.706086,134.363178,3344.0356,602.1628,33.706354,134.363602,3344.0849,599.8906,33.706622,134.364026,3344.1341,609.6503,33.70689,134.364449,3344.1833,628.3699,33.707158,134.364873,3344.2326,653.4145,33.707426,134.365297,3344.2818,673.9671,33.707694,134.36572,3344.331,671.7679,33.707962,134.366144,3344.3802,658.265,33.70823,134.366568,3344.4295,638.3332,33.708498,134.366992,3344.4787,619.3081,33.708765,134.367415,3344.5279,601.7771,33.709033,134.367839,3344.5772,583.6909,33.709301,134.368263,3344.6264,571.3993,33.709569,134.368686,3344.6756,566.0946,33.709837,134.36911,3344.7248,579.2211,33.710105,134.369534,3344.7741,604.8964,33.710373,134.369957,3344.8233,627.5657,33.710641,134.370381,3344.8725,642.2102,33.710909,134.370805,3344.9217,647.8753,33.711176,134.371228,3344.9709,655.6776,33.711444,134.371652,3345.0202,644.0968,33.711712,134.372076,3345.0694,625.4426,33.71198,134.372499,3345.1186,602.5537,33.712248,134.372923,3345.1678,578.9049,33.712516,134.373347,3345.2171,559.0153,33.712784,134.37377,3345.2663,536.9686,33.713051,134.374194,3345.3155,516.0809,33.713319,134.374618,3345.3647,499.6927,33.713587,134.375042,3345.4139,486.9152,33.713855,134.375465,3345.4632,470.7127,33.714123,134.375889,3345.5124,451.8494,33.714391,134.376313,3345.5616,436.0547,33.714658,134.376736,3345.6108,426.1752,33.714926,134.37716,3345.66,422.5325,33.715194,134.377584,3345.7093,420.8824,33.715462,134.378007,3345.7585,418.5648,33.71573,134.378431,3345.8077,428.0924,33.715997,134.378855,3345.8569,446.4406,33.716265,134.379278,3345.9061,468.4419,33.716533,134.379702,3345.9554,492.9946,33.716801,134.380126,3346.0046,517.8125,33.717069,134.380549,3346.0538,544.024,33.717337,134.380973,3346.103,566.8123,33.717604,134.381397,3346.1522,589.1511,33.717872,134.38182,3346.2014,617.755,33.71814,134.382244,3346.2507,637.1593,33.718408,134.382668,3346.2999,635.9131,33.718675,134.383092,3346.3491,637.8279,33.718943,134.383515,3346.3983,647.1633,33.719211,134.383939,3346.4475,655.0495,33.719479,134.384363,3346.4967,658.1082,33.719747,134.384786,3346.5459,654.147,33.720014,134.38521,3346.5952,639.112,33.720282,134.385634,3346.6444,623.532,33.72055,134.386057,3346.6936,609.1081,33.720818,134.386481,3346.7428,614.0302,33.721085,134.386905,3346.792,621.4021,33.721353,134.387328,3346.8412,629.1581,33.721621,134.387752,3346.8904,625.191,33.721889,134.388176,3346.9396,614.8755,33.722156,134.388599,3346.9889,604.869,33.722424,134.389023,3347.0381,615.0378,33.722692,134.389447,3347.0873,626.0012,33.72296,134.38987,3347.1365,633.8558,33.723227,134.390294,3347.1857,649.8668,33.723495,134.390718,3347.2349,673.9324,33.723763,134.391142,3347.2841,692.1867,33.72403,134.391565,3347.3333,710.0189,33.724298,134.391989,3347.3825,728.1822,33.724566,134.392413,3347.4317,745.4842,33.724834,134.392836,3347.481,751.7349,33.725101,134.39326,3347.5302,740.4379,33.725369,134.393684,3347.5794,726.2662,33.725637,134.394107,3347.6286,722.5654,33.725904,134.394531,3347.6778,729.5652,33.726172,134.394955,3347.727,738.8788,33.72644,134.395378,3347.7762,744.8054,33.726707,134.395802,3347.8254,739.4023,33.726975,134.396226,3347.8746,734.5906,33.727243,134.396649,3347.9238,741.1048,33.72751,134.397073,3347.973,762.1924,33.727778,134.397497,3348.0222,777.5568,33.728046,134.39792,3348.0714,793.7786,33.728313,134.398344,3348.1206,792.9678,33.728581,134.398768,3348.1698,799.4965,33.728849,134.399192,3348.219,805.3004,33.729116,134.399615,3348.2682,797.6286,33.729384,134.400039,3348.3174,768.7559,33.729652,134.400463,3348.3666,741.3933,33.729919,134.400886,3348.4158,713.2305,33.730187,134.40131,3348.465,683.6891,33.730455,134.401734,3348.5143,655.5751,33.730722,134.402157,3348.5635,630.8867,33.73099,134.402581,3348.6127,608.5366,33.731258,134.403005,3348.6619,585.5114,33.731525,134.403428,3348.7111,569.5659,33.731793,134.403852,3348.7603,562.2173,33.73206,134.404276,3348.8095,553.0665,33.732328,134.404699,3348.8587,541.8807,33.732596,134.405123,3348.9079,537.673,33.732863,134.405547,3348.9571,533.4642,33.733131,134.405971,3349.0062,527.9559,33.733399,134.406394,3349.0554,525.2995,33.733666,134.406818,3349.1046,528.9512,33.733934,134.407242,3349.1538,533.1614,33.734201,134.407665,3349.203,543.347,33.734469,134.408089,3349.2522,552.7841,33.734737,134.408513,3349.3014,559.0581,33.735004,134.408936,3349.3506,576.9856,33.735272,134.40936,3349.3998,585.7812,33.735539,134.409784,3349.449,590.6912,33.735807,134.410207,3349.4982,589.159,33.736074,134.410631,3349.5474,600.8693,33.736342,134.411055,3349.5966,621.6428,33.73661,134.411478,3349.6458,648.6458,33.736877,134.411902,3349.695,670.4107,33.737145,134.412326,3349.7442,686.3334,33.737412,134.412749,3349.7934,705.9005,33.73768,134.413173,3349.8426,728.0989,33.737947,134.413597,3349.8918,751.4561,33.738215,134.414021,3349.941,777.487,33.738483,134.414444,3349.9902,805.3277,33.73875,134.414868,3350.0393,822.7563,33.739018,134.415292,3350.0885,825.8375,33.739285,134.415715,3350.1377,804.6906,33.739553,134.416139,3350.1869,773.4416,33.73982,134.416563,3350.2361,744.7108,33.740088,134.416986,3350.2853,718.6708,33.740355,134.41741,3350.3345,696.2097,33.740623,134.417834,3350.3837,667.7854,33.74089,134.418257,3350.4329,646.6635,33.741158,134.418681,3350.4821,626.0886,33.741425,134.419105,3350.5313,615.8812,33.741693,134.419528,3350.5804,601.664,33.74196,134.419952,3350.6296,583.3198,33.742228,134.420376,3350.6788,564.2043,33.742495,134.420799,3350.728,543.3803,33.742763,134.421223,3350.7772,526.221,33.74303,134.421647,3350.8264,509.7305,33.743298,134.422071,3350.8756,488.6664,33.743565,134.422494,3350.9248,465.4348,33.743833,134.422918,3350.9739,446.6117,33.7441,134.423342,3351.0231,426.5325,33.744368,134.423765,3351.0723,406.6688,33.744635,134.424189,3351.1215,386.9599,33.744903,134.424613,3351.1707,374.2201,33.74517,134.425036,3351.2199,364.3079,33.745438,134.42546,3351.2691,352.6151,33.745705,134.425884,3351.3182,347.5367,33.745973,134.426307,3351.3674,350.6385,33.74624,134.426731,3351.4166,348.2085,33.746508,134.427155,3351.4658,346.4821,33.746775,134.427578,3351.515,362.6117,33.747043,134.428002,3351.5642,379.1052,33.74731,134.428426,3351.6133,392.6531,33.747577,134.428849,3351.6625,396.7961,33.747845,134.429273,3351.7117,390.9057,33.748112,134.429697,3351.7609,388.0468,33.74838,134.430121,3351.8101,405.4808,33.748647,134.430544,3351.8592,421.2395,33.748915,134.430968,3351.9084,432.4706,33.749182,134.431392,3351.9576,436.4888,33.749449,134.431815,3352.0068,431.3194,33.749717,134.432239,3352.056,424.5221,33.749984,134.432663,3352.1051,415.4532,33.750252,134.433086,3352.1543,402.8866,33.750519,134.43351,3352.2035,385.6603,33.750786,134.433934,3352.2527,367.892,33.751054,134.434357,3352.3019,350.4973,33.751321,134.434781,3352.351,337.7101,33.751589,134.435205,3352.4002,338.9814,33.751856,134.435628,3352.4494,338.9157,33.752123,134.436052,3352.4986,331.0795,33.752391,134.436476,3352.5477,318.3325,33.752658,134.436899,3352.5969,308.2811,33.752926,134.437323,3352.6461,301.2988,33.753193,134.437747,3352.6953,290.5823,33.75346,134.438171,3352.7444,274.468,33.753728,134.438594,3352.7936,259.7613,33.753995,134.439018,3352.8428,254.8947,33.754262,134.439442,3352.892,256.7196,33.75453,134.439865,3352.9411,271.0543,33.754797,134.440289,3352.9903,287.1997,33.755065,134.440713,3353.0395,302.1438,33.755332,134.441136,3353.0887,315.6567,33.755599,134.44156,3353.1378,318.4791,33.755867,134.441984,3353.187,310.3314,33.756134,134.442407,3353.2362,287.8099,33.756401,134.442831,3353.2853,263.9995,33.756669,134.443255,3353.3345,249.5172,33.756936,134.443678,3353.3837,244.8333,33.757203,134.444102,3353.4329,255.884,33.757471,134.444526,3353.482,278.2289,33.757738,134.444949,3353.5312,301.7733,33.758005,134.445373,3353.5804,324.0562,33.758273,134.445797,3353.6295,324.6371,33.75854,134.446221,3353.6787,319.1347,33.758807,134.446644,3353.7279,311.1587,33.759075,134.447068,3353.7771,303.6184,33.759342,134.447492,3353.8262,279.2952,33.759609,134.447915,3353.8754,257.2661,33.759876,134.448339,3353.9246,243.5869,33.760144,134.448763,3353.9737,234.1861,33.760411,134.449186,3354.0229,237.1374,33.760678,134.44961,3354.0721,234.6819,33.760946,134.450034,3354.1212,225.7887,33.761213,134.450457,3354.1704,213.365,33.76148,134.450881,3354.2196,211.2152,33.761747,134.451305,3354.2687,209.8838,33.762015,134.451728,3354.3179,197.9114,33.762282,134.452152,3354.3671,186.5294,33.762549,134.452576,3354.4162,192.9967,33.762817,134.452999,3354.4654,194.7369,33.763084,134.453423,3354.5145,188.8807,33.763351,134.453847,3354.5637,191.023,33.763618,134.454271,3354.6129,192.4083,33.763886,134.454694,3354.662,189.0817,33.764153,134.455118,3354.7112,194.2203,33.76442,134.455542,3354.7604,199.9874,33.764687,134.455965,3354.8095,208.9952,33.764955,134.456389,3354.8587,224.5675,33.765222,134.456813,3354.9078,234.0504,33.765489,134.457236,3354.957,235.7669,33.765756,134.45766,3355.0062,232.2333,33.766024,134.458084,3355.0553,237.515,33.766291,134.458507,3355.1045,249.6308,33.766558,134.458931,3355.1537,252.3051,33.766825,134.459355,3355.2028,238.3537,33.767092,134.459778,3355.252,225.9377,33.76736,134.460202,3355.3011,219.2688,33.767627,134.460626,3355.3503,225.6436,33.767894,134.461049,3355.3994,245.5095,33.768161,134.461473,3355.4486,269.5603,33.768428,134.461897,3355.4978,294.1546,33.768696,134.462321,3355.5469,300.8041,33.768963,134.462744,3355.5961,291.7739,33.76923,134.463168,3355.6452,277.0623,33.769497,134.463592,3355.6944,259.8764,33.769764,134.464015,3355.7436,258.4084,33.770032,134.464439,3355.7927,267.9995,33.770299,134.464863,3355.8419,290.9749,33.770566,134.465286,3355.891,320.2204,33.770833,134.46571,3355.9402,340.1478,33.7711,134.466134,3355.9893,358.6255,33.771367,134.466557,3356.0385,363.1548,33.771635,134.466981,3356.0876,353.0767,33.771902,134.467405,3356.1368,335.0482,33.772169,134.467828,3356.1859,312.1606,33.772436,134.468252,3356.2351,298.8668,33.772703,134.468676,3356.2843,284.7616,33.77297,134.469099,3356.3334,269.6366,33.773238,134.469523,3356.3826,256.5164,33.773505,134.469947,3356.4317,262.6301,33.773772,134.470371,3356.4809,277.2413,33.774039,134.470794,3356.53,292.4108,33.774306,134.471218,3356.5792,302.3638,33.774573,134.471642,3356.6283,300.9398,33.77484,134.472065,3356.6775,299.3809,33.775107,134.472489,3356.7266,318.9672,33.775375,134.472913,3356.7758,341.5997,33.775642,134.473336,3356.8249,347.6876,33.775909,134.47376,3356.8741,357.0052,33.776176,134.474184,3356.9232,368.199,33.776443,134.474607,3356.9724,379.8041,33.77671,134.475031,3357.0215,405.4282,33.776977,134.475455,3357.0707,421.1544,33.777244,134.475878,3357.1198,411.8232,33.777511,134.476302,3357.169,395.956,33.777779,134.476726,3357.2181,378.0954,33.778046,134.47715,3357.2673,363.3144,33.778313,134.477573,3357.3164,363.8564,33.77858,134.477997,3357.3655,367.3402,33.778847,134.478421,3357.4147,372.0483,33.779114,134.478844,3357.4638,374.3056,33.779381,134.479268,3357.513,373.4354,33.779648,134.479692,3357.5621,372.1125,33.779915,134.480115,3357.6113,375.6129,33.780182,134.480539,3357.6604,377.8933,33.780449,134.480963,3357.7096,372.9815,33.780716,134.481386,3357.7587,356.9373,33.780983,134.48181,3357.8078,337.3414,33.78125,134.482234,3357.857,317.3893,33.781517,134.482657,3357.9061,302.1298,33.781785,134.483081,3357.9553,294.1109,33.782052,134.483505,3358.0044,285.1293,33.782319,134.483928,3358.0536,271.0966,33.782586,134.484352,3358.1027,254.9221,33.782853,134.484776,3358.1518,238.1478,33.78312,134.4852,3358.201,220.0592,33.783387,134.485623,3358.2501,211.1492,33.783654,134.486047,3358.2993,205.6282,33.783921,134.486471,3358.3484,201.6384,33.784188,134.486894,3358.3975,195.8679,33.784455,134.487318,3358.4467,193.8167,33.784722,134.487742,3358.4958,194.6336,33.784989,134.488165,3358.545,187.7804,33.785256,134.488589,3358.5941,185.8876,33.785523,134.489013,3358.6432,190.284,33.78579,134.489436,3358.6924,190.5334,33.786057,134.48986,3358.7415,181.3337,33.786324,134.490284,3358.7907,164.0175,33.786591,134.490707,3358.8398,143.2593,33.786858,134.491131,3358.8889,126.3763,33.787125,134.491555,3358.9381,120.8229,33.787392,134.491978,3358.9872,130.9269,33.787659,134.492402,3359.0363,148.5485,33.787926,134.492826,3359.0855,167.9609,33.788193,134.49325,3359.1346,182.8426,33.78846,134.493673,3359.1837,195.6256,33.788727,134.494097,3359.2329,200.1436,33.788994,134.494521,3359.282,198.3524,33.789261,134.494944,3359.3312,212.9552,33.789527,134.495368,3359.3803,228.5306,33.789794,134.495792,3359.4294,246.9893,33.790061,134.496215,3359.4786,269.1706,33.790328,134.496639,3359.5277,289.2046,33.790595,134.497063,3359.5768,309.9435,33.790862,134.497486,3359.6259,330.7731,33.791129,134.49791,3359.6751,351.6468,33.791396,134.498334,3359.7242,374.5599,33.791663,134.498757,3359.7733,389.3777,33.79193,134.499181,3359.8225,392.9018,33.792197,134.499605,3359.8716,401.5632,33.792464,134.500028,3359.9207,398.0512,33.792731,134.500452,3359.9699,395.601,33.792998,134.500876,3360.019,393.8153,33.793265,134.5013,3360.0681,383.1937,33.793531,134.501723,3360.1173,370.1831,33.793798,134.502147,3360.1664,362.4842,33.794065,134.502571,3360.2155,366.9486,33.794332,134.502994,3360.2646,369.1004,33.794599,134.503418,3360.3138,366.8566,33.794866,134.503842,3360.3629,364.3928,33.795133,134.504265,3360.412,367.7886,33.7954,134.504689,3360.4612,372.2249,33.795667,134.505113,3360.5103,368.3841,33.795933,134.505536,3360.5594,361.3206,33.7962,134.50596,3360.6085,357.7188,33.796467,134.506384,3360.6577,355.651,33.796734,134.506807,3360.7068,349.4929,33.797001,134.507231,3360.7559,339.7233,33.797268,134.507655,3360.805,330.4533,33.797535,134.508078,3360.8542,325.4736,33.797802,134.508502,3360.9033,328.0669,33.798068,134.508926,3360.9524,334.182,33.798335,134.50935,3361.0015,334.1535,33.798602,134.509773,3361.0507,324.1359,33.798869,134.510197,3361.0998,304.1918,33.799136,134.510621,3361.1489,286.8082,33.799403,134.511044,3361.198,273.973,33.799669,134.511468,3361.2471,267.5553,33.799936,134.511892,3361.2963,265.1802,33.800203,134.512315,3361.3454,259.0627,33.80047,134.512739,3361.3945,252.0785,33.800737,134.513163,3361.4436,256.2624,33.801004,134.513586,3361.4928,268.6715,33.80127,134.51401,3361.5419,277.4977,33.801537,134.514434,3361.591,282.7668,33.801804,134.514857,3361.6401,293.6119,33.802071,134.515281,3361.6892,299.4045,33.802338,134.515705,3361.7383,306.0742,33.802604,134.516128,3361.7875,318.4534,33.802871,134.516552,3361.8366,333.5682,33.803138,134.516976,3361.8857,348.8478,33.803405,134.5174,3361.9348,369.589,33.803672,134.517823,3361.9839,391.7576,33.803938,134.518247,3362.0331,411.0733,33.804205,134.518671,3362.0822,425.0925,33.804472,134.519094,3362.1313,438.3033,33.804739,134.519518,3362.1804,450.1845,33.805006,134.519942,3362.2295,450.0641,33.805272,134.520365,3362.2786,447.6396,33.805539,134.520789,3362.3278,458.0306,33.805806,134.521213,3362.3769,472.6181,33.806073,134.521636,3362.426,494.1662,33.806339,134.52206,3362.4751,511.3577,33.806606,134.522484,3362.5242,531.0844,33.806873,134.522907,3362.5733,545.7702,33.80714,134.523331,3362.6224,551.9134,33.807406,134.523755,3362.6716,540.3595,33.807673,134.524178,3362.7207,515.3634,33.80794,134.524602,3362.7698,491.4419,33.808207,134.525026,3362.8189,470.4792,33.808473,134.52545,3362.868,449.2306,33.80874,134.525873,3362.9171,432.4027,33.809007,134.526297,3362.9662,423.8843,33.809274,134.526721,3363.0153,408.3708,33.80954,134.527144,3363.0645,391.7298,33.809807,134.527568,3363.1136,363.9685,33.810074,134.527992,3363.1627,338.4375,33.81034,134.528415,3363.2118,314.1237,33.810607,134.528839,3363.2609,291.2424,33.810874,134.529263,3363.31,268.1198,33.811141,134.529686,3363.3591,242.4082,33.811407,134.53011,3363.4082,222.3815,33.811674,134.530534,3363.4573,225.3,33.811941,134.530957,3363.5064,227.7655,33.812207,134.531381,3363.5555,229.2769,33.812474,134.531805,3363.6046,232.1536,33.812741,134.532228,3363.6538,242.4968,33.813007,134.532652,3363.7029,260.3693,33.813274,134.533076,3363.752,273.8092,33.813541,134.5335,3363.8011,278.8417,33.813807,134.533923,3363.8502,281.2491,33.814074,134.534347,3363.8993,271.2083,33.814341,134.534771,3363.9484,254.7599,33.814607,134.535194,3363.9975,238.3433,33.814874,134.535618,3364.0466,229.7888,33.815141,134.536042,3364.0957,228.7378,33.815407,134.536465,3364.1448,228.3181,33.815674,134.536889,3364.1939,226.0374,33.815941,134.537313,3364.243,218.3072,33.816207,134.537736,3364.2921,208.0811,33.816474,134.53816,3364.3412,196.6135,33.816741,134.538584,3364.3903,186.2337,33.817007,134.539007,3364.4394,177.8289,33.817274,134.539431,3364.4885,163.7208,33.81754,134.539855,3364.5376,147.819,33.817807,134.540278,3364.5867,132.1959,33.818074,134.540702,3364.6358,128.559,33.81834,134.541126,3364.6849,136.8369,33.818607,134.54155,3364.734,154.659,33.818874,134.541973,3364.7831,174.6516,33.81914,134.542397,3364.8322,173.7339,33.819407,134.542821,3364.8813,167.2496,33.819673,134.543244,3364.9304,163.4554,33.81994,134.543668,3364.9795,163.1856,33.820207,134.544092,3365.0286,156.3432,33.820473,134.544515,3365.0777,153.2492,33.82074,134.544939,3365.1268,150.5065,33.821006,134.545363,3365.1759,146.5326,33.821273,134.545786,3365.225,138.4295,33.821539,134.54621,3365.2741,129.5921,33.821806,134.546634,3365.3232,121.7832,33.822073,134.547057,3365.3723,116.4978,33.822339,134.547481,3365.4214,120.3781,33.822606,134.547905,3365.4705,128.6794,33.822872,134.548329,3365.5196,138.8786,33.823139,134.548752,3365.5687,147.0319,33.823405,134.549176,3365.6178,155.0013,33.823672,134.5496,3365.6669,161.6559,33.823939,134.550023,3365.716,175.5339,33.824205,134.550447,3365.7651,194.2634,33.824472,134.550871,3365.8142,196.6795,33.824738,134.551294,3365.8633,198.2137,33.825005,134.551718,3365.9124,185.3681,33.825271,134.552142,3365.9615,170.8768,33.825538,134.552565,3366.0105,154.0467,33.825804,134.552989,3366.0596,136.6771,33.826071,134.553413,3366.1087,127.9711,33.826337,134.553836,3366.1578,117.0828,33.826604,134.55426,3366.2069,108.5238,33.82687,134.554684,3366.256,92.3418,33.827137,134.555107,3366.3051,75.8823,33.827404,134.555531,3366.3542,73.7063,33.82767,134.555955,3366.4033,86.7118,33.827937,134.556379,3366.4524,102.2634,33.828203,134.556802,3366.5015,113.5206,33.82847,134.557226,3366.5505,118.4691,33.828736,134.55765,3366.5996,121.7052,33.829003,134.558073,3366.6487,121.423,33.829269,134.558497,3366.6978,113.8186,33.829536,134.558921,3366.7469,103.24,33.829802,134.559344,3366.796,92.7507,33.830068,134.559768,3366.8451,94.0069,33.830335,134.560192,3366.8942,104.3674,33.830601,134.560615,3366.9432,117.2634,33.830868,134.561039,3366.9923,118.3466,33.831134,134.561463,3367.0414,113.8876,33.831401,134.561886,3367.0905,106.2145,33.831667,134.56231,3367.1396,97.4331,33.831934,134.562734,3367.1887,88.6165,33.8322,134.563157,3367.2378,89.7322,33.832467,134.563581,3367.2868,95.5567,33.832733,134.564005,3367.3359,98.0011,33.833,134.564429,3367.385,98.4903,33.833266,134.564852,3367.4341,92.0613,33.833532,134.565276,3367.4832,85.3346,33.833799,134.5657,3367.5323,86.0729,33.834065,134.566123,3367.5813,92.6334,33.834332,134.566547,3367.6304,98.572,33.834598,134.566971,3367.6795,107.0284,33.834865,134.567394,3367.7286,116.0056,33.835131,134.567818,3367.7777,121.3261,33.835397,134.568242,3367.8268,127.5975,33.835664,134.568665,3367.8758,133.5697,33.83593,134.569089,3367.9249,130.7949,33.836197,134.569513,3367.974,127.7559,33.836463,134.569936,3368.0231,123.9933,33.83673,134.57036,3368.0722,123.0618,33.836996,134.570784,3368.1212,126.5831,33.837262,134.571207,3368.1703,134.6173,33.837529,134.571631,3368.2194,149.4826,33.837795,134.572055,3368.2685,159.6161,33.838061,134.572479,3368.3175,154.77,33.838328,134.572902,3368.3666,146.8786,33.838594,134.573326,3368.4157,136.9147,33.838861,134.57375,3368.4648,123.8383,33.839127,134.574173,3368.5139,120.2476,33.839393,134.574597,3368.5629,111.3276,33.83966,134.575021,3368.612,104.6135,33.839926,134.575444,3368.6611,100.2148,33.840192,134.575868,3368.7102,98.8949,33.840459,134.576292,3368.7592,98.36,33.840725,134.576715,3368.8083,101.8027,33.840992,134.577139,3368.8574,102.3367,33.841258,134.577563,3368.9065,100.3362,33.841524,134.577986,3368.9555,98.728,33.841791,134.57841,3369.0046,94.5658,33.842057,134.578834,3369.0537,89.0646,33.842323,134.579257,3369.1028,85.5273,33.84259,134.579681,3369.1518,78.9187,33.842856,134.580105,3369.2009,70.3395,33.843122,134.580529,3369.25,62.5588,33.843389,134.580952,3369.299,55.3158,33.843655,134.581376,3369.3481,51.5851,33.843921,134.5818,3369.3972,48.4106,33.844188,134.582223,3369.4463,49.6725,33.844454,134.582647,3369.4953,47.2861,33.84472,134.583071,3369.5444,43.183,33.844987,134.583494,3369.5935,41.8955,33.845253,134.583918,3369.6425,39.2347,33.845519,134.584342,3369.6916,37.1391,33.845785,134.584765,3369.7407,35.7861,33.846052,134.585189,3369.7897,35.0345,33.846318,134.585613,3369.8388,33.4885,33.846584,134.586036,3369.8879,32.4957,33.846851,134.58646,3369.937,31.6197,33.847117,134.586884,3369.986,31.1232,33.847383,134.587307,3370.0351,31.0484,33.847649,134.587731,3370.0842,30.895,33.847916,134.588155,3370.1332,32.1012,33.848182,134.588579,3370.1823,32.3245,33.848448,134.589002,3370.2314,34.2571,33.848714,134.589426,3370.2804,33.5975,33.848981,134.58985,3370.3295,32.9359,33.849247,134.590273,3370.3786,35.6702,33.849513,134.590697,3370.4276,37.0855,33.84978,134.591121,3370.4767,35.7642,33.850046,134.591544,3370.5257,35.4963,33.850312,134.591968,3370.5748,36.1719,33.850578,134.592392,3370.6239,34.0209,33.850844,134.592815,3370.6729,30.0835,33.851111,134.593239,3370.722,28.1157,33.851377,134.593663,3370.7711,27.0618,33.851643,134.594086,3370.8201,26.5879,33.851909,134.59451,3370.8692,26.0794,33.852176,134.594934,3370.9182,26.858,33.852442,134.595357,3370.9673,27.4223,33.852708,134.595781,3371.0164,25.778,33.852974,134.596205,3371.0654,24.208,33.853241,134.596629,3371.1145,27.9964,33.853507,134.597052,3371.1636,36.0728,33.853773,134.597476,3371.2126,44.4341,33.854039,134.5979,3371.2617,51.0762,33.854305,134.598323,3371.3107,57.1586,33.854572,134.598747,3371.3598,61.6268,33.854838,134.599171,3371.4089,62.6944,33.855104,134.599594,3371.4579,63.1529,33.85537,134.600018,3371.507,69.7806,33.855636,134.600442,3371.556,80.7928,33.855902,134.600865,3371.6051,89.1342,33.856169,134.601289,3371.6541,99.9122,33.856435,134.601713,3371.7032,108.3714,33.856701,134.602136,3371.7523,121.6285,33.856967,134.60256,3371.8013,136.3739,33.857233,134.602984,3371.8504,151.908,33.857499,134.603407,3371.8994,138.0069,33.857766,134.603831,3371.9485,117.9032,33.858032,134.604255,3371.9975,99.3387,33.858298,134.604679,3372.0466,89.6344,33.858564,134.605102,3372.0956,79.4712,33.85883,134.605526,3372.1447,67.0589,33.859096,134.60595,3372.1938,65.2878,33.859363,134.606373,3372.2428,67.3383,33.859629,134.606797,3372.2919,70.6573,33.859895,134.607221,3372.3409,65.49,33.860161,134.607644,3372.39,52.5882,33.860427,134.608068,3372.439,41.8453,33.860693,134.608492,3372.4881,40.9547,33.860959,134.608915,3372.5371,42.1407,33.861225,134.609339,3372.5862,37.6755,33.861492,134.609763,3372.6352,31.8088,33.861758,134.610186,3372.6843,27.8214,33.862024,134.61061,3372.7333,25.9457,33.86229,134.611034,3372.7824,29.6453,33.862556,134.611457,3372.8314,38.9416,33.862822,134.611881,3372.8805,50.3415,33.863088,134.612305,3372.9295,52.4352,33.863354,134.612729,3372.9786,43.5532,33.86362,134.613152,3373.0276,38.8732,33.863886,134.613576,3373.0767,39.9569,33.864153,134.614,3373.1257,45.7051,33.864419,134.614423,3373.1748,51.1274,33.864685,134.614847,3373.2238,54.6006,33.864951,134.615271,3373.2729,62.2628,33.865217,134.615694,3373.3219,67.4777,33.865483,134.616118,3373.371,68.4405,33.865749,134.616542,3373.42,58.9048,33.866015,134.616965,3373.469,49.0951,33.866281,134.617389,3373.5181,40.877,33.866547,134.617813,3373.5671,33.6317,33.866813,134.618236,3373.6162,28.1738,33.867079,134.61866,3373.6652,24.0285,33.867345,134.619084,3373.7143,22.6516,33.867611,134.619507,3373.7633,23.6696,33.867877,134.619931,3373.8124,28.0692,33.868143,134.620355,3373.8614,33.1551,33.868409,134.620779,3373.9104,41.3679,33.868675,134.621202,3373.9595,50.216,33.868941,134.621626,3374.0085,64.1349,33.869208,134.62205,3374.0576,79.3254,33.869474,134.622473,3374.1066,92.0477,33.86974,134.622897,3374.1557,101.7272,33.870006,134.623321,3374.2047,89.3721,33.870272,134.623744,3374.2537,75.5146,33.870538,134.624168,3374.3028,61.1901,33.870804,134.624592,3374.3518,49.1411,33.87107,134.625015,3374.4009,49.4693,33.871336,134.625439,3374.4499,53.1751,33.871602,134.625863,3374.4989,60.8777,33.871868,134.626286,3374.548,65.1405,33.872134,134.62671,3374.597,58.1975,33.8724,134.627134,3374.6461,49.2301,33.872666,134.627558,3374.6951,49.2558,33.872932,134.627981,3374.7441,52.1774,33.873198,134.628405,3374.7932,58.3018,33.873464,134.628829,3374.8422,62.1251,33.873729,134.629252,3374.8912,65.6818,33.873995,134.629676,3374.9403,70.8215,33.874261,134.6301,3374.9893,75.343,33.874527,134.630523,3375.0384,74.9542,33.874793,134.630947,3375.0874,69.39,33.875059,134.631371,3375.1364,65.347,33.875325,134.631794,3375.1855,58.8537,33.875591,134.632218,3375.2345,51.5446,33.875857,134.632642,3375.2835,51.4522,33.876123,134.633065,3375.3326,50.5729,33.876389,134.633489,3375.3816,47.7099,33.876655,134.633913,3375.4306,50.7015,33.876921,134.634336,3375.4797,60.5598,33.877187,134.63476,3375.5287,70.0491,33.877453,134.635184,3375.5777,84.1369,33.877719,134.635608,3375.6268,93.4776,33.877985,134.636031,3375.6758,98.8593,33.878251,134.636455,3375.7248,99.4324,33.878516,134.636879,3375.7739,96.8908,33.878782,134.637302,3375.8229,92.0972,33.879048,134.637726,3375.8719,85.4608,33.879314,134.63815,3375.921,79.9917,33.87958,134.638573,3375.97,75.716,33.879846,134.638997,3376.019,71.4897,33.880112,134.639421,3376.068,66.7044,33.880378,134.639844,3376.1171,56.4864,33.880644,134.640268,3376.1661,45.8371,33.88091,134.640692,3376.2151,41.8637,33.881175,134.641115,3376.2642,36.5763,33.881441,134.641539,3376.3132,33.7516,33.881707,134.641963,3376.3622,28.3835,33.881973,134.642386,3376.4112,22.0333,33.882239,134.64281,3376.4603,17.8645,33.882505,134.643234,3376.5093,27.311,33.882771,134.643658,3376.5583,29.5643,33.883037,134.644081,3376.6074,16.6455,33.883302,134.644505,3376.6564,4.3794,33.883568,134.644929,3376.7054,2.1858,33.883834,134.645352,3376.7544,0.41352,33.8841,134.645776,3376.8035,0,33.884366,134.6462,3376.8525,0,33.884632,134.646623,3376.9015,0,33.884898,134.647047,3376.9505,0,33.885163,134.647471,3376.9996,0,33.885429,134.647894,3377.0486,0,33.885695,134.648318,3377.0976,1.2862,33.885961,134.648742,3377.1466,2.941,33.886227,134.649165,3377.1957,3.3701,33.886492,134.649589,3377.2447,3.9863,33.886758,134.650013,3377.2937,3.7009,33.887024,134.650436,3377.3427,3.7157,33.88729,134.65086,3377.3917,3.4594,33.887556,134.651284,3377.4408,2.9699,33.887822,134.651708,3377.4898,2.8355,33.888087,134.652131,3377.5388,2.9984,33.888353,134.652555,3377.5878,2.8032,33.888619,134.652979,3377.6368,2.3103,33.888885,134.653402,3377.6859,2.0079,33.889151,134.653826,3377.7349,2.2698,33.889416,134.65425,3377.7839,2.2425,33.889682,134.654673,3377.8329,1.7745,33.889948,134.655097,3377.8819,1.0068,33.890214,134.655521,3377.931,0.57536,33.890479,134.655944,3377.98,0.89429,33.890745,134.656368,3378.029,1.1812,33.891011,134.656792,3378.078,1.1817,33.891277,134.657215,3378.127,0.85794,33.891543,134.657639,3378.176,0.66457,33.891808,134.658063,3378.2251,0.79806,33.892074,134.658486,3378.2741,0.49728,33.89234,134.65891,3378.3231,0.12668,33.892606,134.659334,3378.3721,0.44558,33.892871,134.659758,3378.4211,0.81569,33.893137,134.660181,3378.4701,0.91664,33.893403,134.660605,3378.5192,0.59775,33.893669,134.661029,3378.5682,0.27887,33.893934,134.661452,3378.6172,0.27106,33.8942,134.661876,3378.6662,0.57325,33.894466,134.6623,3378.7152,0.59022,33.894731,134.662723,3378.7642,0.77978,33.894997,134.663147,3378.8132,0.91014,33.895263,134.663571,3378.8622,0.4968,33.895529,134.663994,3378.9113,0.032674,33.895794,134.664418,3378.9603,0.2204,33.89606,134.664842,3379.0093,0.59092,33.896326,134.665265,3379.0583,0.90976,33.896591,134.665689,3379.1073,1.3354,33.896857,134.666113,3379.1563,1.8438,33.897123,134.666536,3379.2053,2.3522,33.897389,134.66696,3379.2543,3.0199,33.897654,134.667384,3379.3033,3.1349,33.89792,134.667808,3379.3524,2.9453,33.898186,134.668231,3379.4014,3.2443,33.898451,134.668655,3379.4504,3.4339,33.898717,134.669079,3379.4994,2.8181,33.898983,134.669502,3379.5484,1.9908,33.899248,134.669926,3379.5974,1.6883,33.899514,134.67035,3379.6464,2.3843,33.89978,134.670773,3379.6954,2.9456,33.900045,134.671197,3379.7444,2.6268,33.900311,134.671621,3379.7934,2.482,33.900577,134.672044,3379.8424,2.9617,33.900842,134.672468,3379.8914,2.5299,33.901108,134.672892,3379.9404,2.0215,33.901374,134.673315,3379.9894,1.968,33.901639,134.673739,3380.0384,2.0027,33.901905,134.674163,3380.0875,2.5038,33.902171,134.674586,3380.1365,2.9859,33.902436,134.67501,3380.1855,2.1211,33.902702,134.675434,3380.2345,1.3972,33.902967,134.675858,3380.2835,0.51817,33.903233,134.676281,3380.3325,0.036783,33.903499,134.676705,3380.3815,0.26762,33.903764,134.677129,3380.4305,0.26894,33.90403,134.677552,3380.4795,1.4517,33.904296,134.677976,3380.5285,2.7123,33.904561,134.6784,3380.5775,1.4767,33.904827,134.678823,3380.6265,0.3932,33.905092,134.679247,3380.6755,1.5492,33.905358,134.679671,3380.7245,1.7735,33.905624,134.680094,3380.7735,0.83998,33.905889,134.680518,3380.8225,0.82167,33.906155,134.680942,3380.8715,1.8587,33.90642,134.681365,3380.9205,2.5231,33.906686,134.681789,3380.9695,1.0223,33.906952,134.682213,3381.0185,0.66055,33.907217,134.682636,3381.0675,0.97924,33.907483,134.68306,3381.1165,0.57525,33.907748,134.683484,3381.1655,0.11921,33.908014,134.683908,3381.2145,0.5541,33.908279,134.684331,3381.2635,1.9384,33.908545,134.684755,3381.3125,2.213,33.908811,134.685179,3381.3615,1.3859,33.909076,134.685602,3381.4105,1.4138,33.909342,134.686026,3381.4595,2.0882,33.909607,134.68645,3381.5085,2.1905,33.909873,134.686873,3381.5575,2.1255,33.910138,134.687297,3381.6065,2.4928,33.910404,134.687721,3381.6554,2.3343,33.910669,134.688144,3381.7044,1.5088,33.910935,134.688568,3381.7534,0.67686,33.9112,134.688992,3381.8024,1.2912,33.911466,134.689415,3381.8514,3.2579,33.911732,134.689839,3381.9004,3.429,33.911997,134.690263,3381.9494,3.2959,33.912263,134.690686,3381.9984,5.6256,33.912528,134.69111,3382.0474,14.5286,33.912794,134.691534,3382.0964,26.4784,33.913059,134.691958,3382.1454,39.3152,33.913325,134.692381,3382.1944,50.2782,33.91359,134.692805,3382.2434,57.0878,33.913856,134.693229,3382.2924,59.717,33.914121,134.693652,3382.3413,50.5398,33.914387,134.694076,3382.3903,42.4043,33.914652,134.6945,3382.4393,36.2411,33.914918,134.694923,3382.4883,34.0947,33.915183,134.695347,3382.5373,32.9093,33.915449,134.695771,3382.5863,29.8515,33.915714,134.696194,3382.6353,28.4366,33.91598,134.696618,3382.6843,21.2962,33.916245,134.697042,3382.7333,14.7376,33.916511,134.697465,3382.7822,9.3855,33.916776,134.697889,3382.8312,7.0788,33.917041,134.698313,3382.8802,3.6134,33.917307,134.698737,3382.9292,0.31424,33.917572,134.69916,3382.9782,0.81023,33.917838,134.699584,3383.0272,0.71736,33.918103,134.700008,3383.0762,0.66691,33.918369,134.700431,3383.1252,0,33.918634,134.700855,3383.1741,0,33.9189,134.701279,3383.2231,0,33.919165,134.701702,3383.2721,0,33.91943,134.702126,3383.3211,0,33.919696,134.70255,3383.3701,0,33.919961,134.702973,3383.4191,0,33.920227,134.703397,3383.468,0,33.920492,134.703821,3383.517,0,33.920758,134.704244,3383.566,0,33.921023,134.704668,3383.615,0,33.921288,134.705092,3383.664,0,33.921554,134.705515,3383.713,0,33.921819,134.705939,3383.7619,0,33.922085,134.706363,3383.8109,0,33.92235,134.706787,3383.8599,0,33.922616,134.70721,3383.9089,0,33.922881,134.707634,3383.9579,0,33.923146,134.708058,3384.0068,0,33.923412,134.708481,3384.0558,0,33.923677,134.708905,3384.1048,0,33.923942,134.709329,3384.1538,0,33.924208,134.709752,3384.2028,0,33.924473,134.710176,3384.2517,0,33.924739,134.7106,3384.3007,0,33.925004,134.711023,3384.3497,0,33.925269,134.711447,3384.3987,0,33.925535,134.711871,3384.4477,0,33.9258,134.712294,3384.4966,0,33.926065,134.712718,3384.5456,0,33.926331,134.713142,3384.5946,0,33.926596,134.713565,3384.6436,0,33.926861,134.713989,3384.6925,0,33.927127,134.714413,3384.7415,0,33.927392,134.714837,3384.7905,0,33.927658,134.71526,3384.8395,0,33.927923,134.715684,3384.8884,0,33.928188,134.716108,3384.9374,0,33.928454,134.716531,3384.9864,0,33.928719,134.716955,3385.0354,0,33.928984,134.717379,3385.0843,0,33.92925,134.717802,3385.1333,0,33.929515,134.718226,3385.1823,0,33.92978,134.71865,3385.2313,0,33.930045,134.719073,3385.2802,0,33.930311,134.719497,3385.3292,0,33.930576,134.719921,3385.3782,0,33.930841,134.720344,3385.4271,0,33.931107,134.720768,3385.4761,0,33.931372,134.721192,3385.5251,0,33.931637,134.721615,3385.5741,0,33.931903,134.722039,3385.623,0,33.932168,134.722463,3385.672,0,33.932433,134.722887,3385.721,0,33.932698,134.72331,3385.7699,0,33.932964,134.723734,3385.8189,0,33.933229,134.724158,3385.8679,0,33.933494,134.724581,3385.9168,0,33.93376,134.725005,3385.9658,0,33.934025,134.725429,3386.0148,0,33.93429,134.725852,3386.0637,0,33.934555,134.726276,3386.1127,0,33.934821,134.7267,3386.1617,0,33.935086,134.727123,3386.2106,0,33.935351,134.727547,3386.2596,0,33.935616,134.727971,3386.3086,0,33.935882,134.728394,3386.3575,0,33.936147,134.728818,3386.4065,0,33.936412,134.729242,3386.4555,0,33.936677,134.729665,3386.5044,0,33.936943,134.730089,3386.5534,0,33.937208,134.730513,3386.6024,0,33.937473,134.730937,3386.6513,0,33.937738,134.73136,3386.7003,0,33.938003,134.731784,3386.7493,0,33.938269,134.732208,3386.7982,0,33.938534,134.732631,3386.8472,0,33.938799,134.733055,3386.8961,0,33.939064,134.733479,3386.9451,0,33.939329,134.733902,3386.9941,0,33.939595,134.734326,3387.043,0,33.93986,134.73475,3387.092,0,33.940125,134.735173,3387.141,0,33.94039,134.735597,3387.1899,0,33.940655,134.736021,3387.2389,0,33.940921,134.736444,3387.2878,0,33.941186,134.736868,3387.3368,0,33.941451,134.737292,3387.3858,0,33.941716,134.737715,3387.4347,0,33.941981,134.738139,3387.4837,0,33.942247,134.738563,3387.5326,0,33.942512,134.738987,3387.5816,0,33.942777,134.73941,3387.6305,0,33.943042,134.739834,3387.6795,0,33.943307,134.740258,3387.7285,0,33.943572,134.740681,3387.7774,0,33.943838,134.741105,3387.8264,0,33.944103,134.741529,3387.8753,0,33.944368,134.741952,3387.9243,0,33.944633,134.742376,3387.9732,0,33.944898,134.7428,3388.0222,0,33.945163,134.743223,3388.0712,0,33.945428,134.743647,3388.1201,0,33.945693,134.744071,3388.1691,0,33.945959,134.744494,3388.218,0,33.946224,134.744918,3388.267,0,33.946489,134.745342,3388.3159,0,33.946754,134.745765,3388.3649,0,33.947019,134.746189,3388.4138,0,33.947284,134.746613,3388.4628,0,33.947549,134.747037,3388.5117,0,33.947814,134.74746,3388.5607,0,33.94808,134.747884,3388.6096,0,33.948345,134.748308,3388.6586,0,33.94861,134.748731,3388.7075,0,33.948875,134.749155,3388.7565,0,33.94914,134.749579,3388.8054,0,33.949405,134.750002,3388.8544,0,33.94967,134.750426,3388.9033,0,33.949935,134.75085,3388.9523,0,33.9502,134.751273,3389.0012,0,33.950465,134.751697,3389.0502,0,33.95073,134.752121,3389.0991,0,33.950995,134.752544,3389.1481,0,33.951261,134.752968,3389.197,0,33.951526,134.753392,3389.246,0,33.951791,134.753815,3389.2949,0,33.952056,134.754239,3389.3439,0,33.952321,134.754663,3389.3928,0,33.952586,134.755087,3389.4418,0,33.952851,134.75551,3389.4907,0,33.953116,134.755934,3389.5397,0,33.953381,134.756358,3389.5886,0,33.953646,134.756781,3389.6376,0,33.953911,134.757205,3389.6865,0,33.954176,134.757629,3389.7354,0,33.954441,134.758052,3389.7844,0,33.954706,134.758476,3389.8333,0,33.954971,134.7589,3389.8823,0,33.955236,134.759323,3389.9312,0,33.955501,134.759747,3389.9802,0,33.955766,134.760171,3390.0291,0,33.956031,134.760594,3390.078,0,33.956296,134.761018,3390.127,0,33.956561,134.761442,3390.1759,0,33.956826,134.761865,3390.2249,0,33.957091,134.762289,3390.2738,0,33.957356,134.762713,3390.3228,0,33.957621,134.763137,3390.3717,0,33.957886,134.76356,3390.4206,0,33.958151,134.763984,3390.4696,0,33.958416,134.764408,3390.5185,0,33.958681,134.764831,3390.5675,0,33.958946,134.765255,3390.6164,0,33.959211,134.765679,3390.6653,0,33.959476,134.766102,3390.7143,0,33.959741,134.766526,3390.7632,0,33.960006,134.76695,3390.8121,0,33.960271,134.767373,3390.8611,0,33.960536,134.767797,3390.91,0,33.960801,134.768221,3390.959,0,33.961066,134.768644,3391.0079,0,33.961331,134.769068,3391.0568,0,33.961596,134.769492,3391.1058,0,33.961861,134.769916,3391.1547,0,33.962126,134.770339,3391.2036,0,33.96239,134.770763,3391.2526,0,33.962655,134.771187,3391.3015,0,33.96292,134.77161,3391.3504,0,33.963185,134.772034,3391.3994,0,33.96345,134.772458,3391.4483,0,33.963715,134.772881,3391.4972,0,33.96398,134.773305,3391.5462,0,33.964245,134.773729,3391.5951,0,33.96451,134.774152,3391.644,0,33.964775,134.774576,3391.693,0,33.96504,134.775,3391.7419,0,33.965305,134.775423,3391.7908,0,33.965569,134.775847,3391.8398,0,33.965834,134.776271,3391.8887,0,33.966099,134.776694,3391.9376,0,33.966364,134.777118,3391.9866,0,33.966629,134.777542,3392.0355,0,33.966894,134.777966,3392.0844,0,33.967159,134.778389,3392.1334,0,33.967424,134.778813,3392.1823,0,33.967689,134.779237,3392.2312,0,33.967953,134.77966,3392.2801,0,33.968218,134.780084,3392.3291,0,33.968483,134.780508,3392.378,0,33.968748,134.780931,3392.4269,0,33.969013,134.781355,3392.4759,0,33.969278,134.781779,3392.5248,0,33.969543,134.782202,3392.5737,0,33.969807,134.782626,3392.6226,0,33.970072,134.78305,3392.6716,0,33.970337,134.783473,3392.7205,0,33.970602,134.783897,3392.7694,0,33.970867,134.784321,3392.8183,0,33.971132,134.784744,3392.8673,0,33.971396,134.785168,3392.9162,0,33.971661,134.785592,3392.9651,0,33.971926,134.786016,3393.014,0,33.972191,134.786439,3393.063,0,33.972456,134.786863,3393.1119,0,33.972721,134.787287,3393.1608,0,33.972985,134.78771,3393.2097,0,33.97325,134.788134,3393.2587,0,33.973515,134.788558,3393.3076,0,33.97378,134.788981,3393.3565,0,33.974045,134.789405,3393.4054,0,33.974309,134.789829,3393.4543,0,33.974574,134.790252,3393.5033,0,33.974839,134.790676,3393.5522,0,33.975104,134.7911,3393.6011,0,33.975369,134.791523,3393.65,0,33.975633,134.791947,3393.6989,0,33.975898,134.792371,3393.7479,0,33.976163,134.792794,3393.7968,0,33.976428,134.793218,3393.8457,0,33.976692,134.793642,3393.8946,0,33.976957,134.794066,3393.9435,0,33.977222,134.794489,3393.9925,0,33.977487,134.794913,3394.0414,0,33.977751,134.795337,3394.0903,0,33.978016,134.79576,3394.1392,0,33.978281,134.796184,3394.1881,0,33.978546,134.796608,3394.237,0,33.97881,134.797031,3394.286,0,33.979075,134.797455,3394.3349,0,33.97934,134.797879,3394.3838,0,33.979605,134.798302,3394.4327,0,33.979869,134.798726,3394.4816,0,33.980134,134.79915,3394.5305,0,33.980399,134.799573,3394.5795,0,33.980664,134.799997,3394.6284,0,33.980928,134.800421,3394.6773,0,33.981193,134.800844,3394.7262,0,33.981458,134.801268,3394.7751,0,33.981722,134.801692,3394.824,0,33.981987,134.802116,3394.8729,0,33.982252,134.802539,3394.9218,0,33.982516,134.802963,3394.9708,0,33.982781,134.803387,3395.0197,0,33.983046,134.80381,3395.0686,0,33.983311,134.804234,3395.1175,0,33.983575,134.804658,3395.1664,0,33.98384,134.805081,3395.2153,0,33.984105,134.805505,3395.2642,0,33.984369,134.805929,3395.3131,0,33.984634,134.806352,3395.362,0,33.984899,134.806776,3395.411,0,33.985163,134.8072,3395.4599,0,33.985428,134.807623,3395.5088,0,33.985693,134.808047,3395.5577,0,33.985957,134.808471,3395.6066,0,33.986222,134.808894,3395.6555,0,33.986487,134.809318,3395.7044,0,33.986751,134.809742,3395.7533,0,33.987016,134.810166,3395.8022,0,33.987281,134.810589,3395.8511,0,33.987545,134.811013,3395.9,0,33.98781,134.811437,3395.9489,0,33.988074,134.81186,3395.9978,0,33.988339,134.812284,3396.0467,0,33.988604,134.812708,3396.0957,0,33.988868,134.813131,3396.1446,0,33.989133,134.813555,3396.1935,0,33.989398,134.813979,3396.2424,0,33.989662,134.814402,3396.2913,0,33.989927,134.814826,3396.3402,0,33.990191,134.81525,3396.3891,0,33.990456,134.815673,3396.438,0,33.990721,134.816097,3396.4869,0,33.990985,134.816521,3396.5358,0,33.99125,134.816944,3396.5847,0,33.991514,134.817368,3396.6336,0,33.991779,134.817792,3396.6825,0,33.992044,134.818216,3396.7314,0,33.992308,134.818639,3396.7803,0,33.992573,134.819063,3396.8292,0,33.992837,134.819487,3396.8781,0,33.993102,134.81991,3396.927,0,33.993366,134.820334,3396.9759,0,33.993631,134.820758,3397.0248,0,33.993896,134.821181,3397.0737,0,33.99416,134.821605,3397.1226,0,33.994425,134.822029,3397.1715,0,33.994689,134.822452,3397.2204,0,33.994954,134.822876,3397.2693,0,33.995218,134.8233,3397.3182,0,33.995483,134.823723,3397.3671,0,33.995748,134.824147,3397.416,0,33.996012,134.824571,3397.4649,0,33.996277,134.824994,3397.5138,0,33.996541,134.825418,3397.5627,0,33.996806,134.825842,3397.6116,0,33.99707,134.826266,3397.6605,0,33.997335,134.826689,3397.7093,0,33.997599,134.827113,3397.7582,0,33.997864,134.827537,3397.8071,0,33.998128,134.82796,3397.856,0,33.998393,134.828384,3397.9049,0,33.998657,134.828808,3397.9538,0,33.998922,134.829231,3398.0027,0,33.999186,134.829655,3398.0516,0,33.999451,134.830079,3398.1005,0,33.999715,134.830502,3398.1494,0,33.99998,134.830926,3398.1983,0,34.000244,134.83135,3398.2472,0,34.000509,134.831773,3398.2961,0,34.000773,134.832197,3398.345,0,34.001038,134.832621,3398.3938,0,34.001302,134.833044,3398.4427,0,34.001567,134.833468,3398.4916,0,34.001831,134.833892,3398.5405,0,34.002096,134.834316,3398.5894,0,34.00236,134.834739,3398.6383,0,34.002625,134.835163,3398.6872,0,34.002889,134.835587,3398.7361,0,34.003154,134.83601,3398.785,0,34.003418,134.836434,3398.8338,0,34.003682,134.836858,3398.8827,0,34.003947,134.837281,3398.9316,0,34.004211,134.837705,3398.9805,0,34.004476,134.838129,3399.0294,0,34.00474,134.838552,3399.0783,0,34.005005,134.838976,3399.1272,0,34.005269,134.8394,3399.1761,0,34.005533,134.839823,3399.2249,0,34.005798,134.840247,3399.2738,0,34.006062,134.840671,3399.3227,0,34.006327,134.841094,3399.3716,0,34.006591,134.841518,3399.4205,0,34.006856,134.841942,3399.4694,0,34.00712,134.842366,3399.5182,0,34.007384,134.842789,3399.5671,0,34.007649,134.843213,3399.616,0,34.007913,134.843637,3399.6649,0,34.008178,134.84406,3399.7138,0,34.008442,134.844484,3399.7627,0,34.008706,134.844908,3399.8115,0,34.008971,134.845331,3399.8604,0,34.009235,134.845755,3399.9093,0,34.0095,134.846179,3399.9582,0,34.009764,134.846602,3400.0071,0,34.010028,134.847026,3400.056,0,34.010293,134.84745,3400.1048,0,34.010557,134.847873,3400.1537,0,34.010821,134.848297,3400.2026,0,34.011086,134.848721,3400.2515,0,34.01135,134.849145,3400.3003,0,34.011615,134.849568,3400.3492,0,34.011879,134.849992,3400.3981,0,34.012143,134.850416,3400.447,0,34.012408,134.850839,3400.4959,0,34.012672,134.851263,3400.5447,0,34.012936,134.851687,3400.5936,0,34.013201,134.85211,3400.6425,0,34.013465,134.852534,3400.6914,0,34.013729,134.852958,3400.7402,0,34.013994,134.853381,3400.7891,0,34.014258,134.853805,3400.838,0,34.014522,134.854229,3400.8869,0,34.014787,134.854652,3400.9357,0,34.015051,134.855076,3400.9846,0,34.015315,134.8555,3401.0335,0,34.01558,134.855923,3401.0824,0,34.015844,134.856347,3401.1312,0,34.016108,134.856771,3401.1801,0,34.016372,134.857195,3401.229,0,34.016637,134.857618,3401.2779,0,34.016901,134.858042,3401.3267,0,34.017165,134.858466,3401.3756,0,34.01743,134.858889,3401.4245,0,34.017694,134.859313,3401.4733,0,34.017958,134.859737,3401.5222,0,34.018222,134.86016,3401.5711,0,34.018487,134.860584,3401.62,0,34.018751,134.861008,3401.6688,0,34.019015,134.861431,3401.7177,0,34.01928,134.861855,3401.7666,0,34.019544,134.862279,3401.8154,0,34.019808,134.862702,3401.8643,0,34.020072,134.863126,3401.9132,0,34.020337,134.86355,3401.962,0,34.020601,134.863973,3402.0109,0,34.020865,134.864397,3402.0598,0,34.021129,134.864821,3402.1087,0,34.021394,134.865245,3402.1575,0,34.021658,134.865668,3402.2064,0,34.021922,134.866092,3402.2553,0,34.022186,134.866516,3402.3041,0,34.022451,134.866939,3402.353,0,34.022715,134.867363,3402.4019,0,34.022979,134.867787,3402.4507,0,34.023243,134.86821,3402.4996,0,34.023507,134.868634,3402.5484,0,34.023772,134.869058,3402.5973,0,34.024036,134.869481,3402.6462,0,34.0243,134.869905,3402.695,0,34.024564,134.870329,3402.7439,0,34.024828,134.870752,3402.7928,0,34.025093,134.871176,3402.8416,0,34.025357,134.8716,3402.8905,0,34.025621,134.872023,3402.9394,0,34.025885,134.872447,3402.9882,0,34.026149,134.872871,3403.0371,0,34.026414,134.873295,3403.0859,0,34.026678,134.873718,3403.1348,0,34.026942,134.874142,3403.1837,0,34.027206,134.874566,3403.2325,0,34.02747,134.874989,3403.2814,0,34.027735,134.875413,3403.3302,0,34.027999,134.875837,3403.3791,0,34.028263,134.87626,3403.428,0,34.028527,134.876684,3403.4768,0,34.028791,134.877108,3403.5257,0,34.029055,134.877531,3403.5745,0,34.029319,134.877955,3403.6234,0,34.029584,134.878379,3403.6723,0,34.029848,134.878802,3403.7211,0,34.030112,134.879226,3403.77,0,34.030376,134.87965,3403.8188,0,34.03064,134.880073,3403.8677,0,34.030904,134.880497,3403.9165,0,34.031168,134.880921,3403.9654,0,34.031433,134.881345,3404.0143,0,34.031697,134.881768,3404.0631,0,34.031961,134.882192,3404.112,0,34.032225,134.882616,3404.1608,0,34.032489,134.883039,3404.2097,0,34.032753,134.883463,3404.2585,0,34.033017,134.883887,3404.3074,0,34.033281,134.88431,3404.3562,0,34.033545,134.884734,3404.4051,0,34.03381,134.885158,3404.4539,0,34.034074,134.885581,3404.5028,0,34.034338,134.886005,3404.5516,0,34.034602,134.886429,3404.6005,0,34.034866,134.886852,3404.6493,0,34.03513,134.887276,3404.6982,0,34.035394,134.8877,3404.7471,0,34.035658,134.888123,3404.7959,0,34.035922,134.888547,3404.8448,0,34.036186,134.888971,3404.8936,0,34.03645,134.889395,3404.9425,0,34.036714,134.889818,3404.9913,0,34.036979,134.890242,3405.0402,0,34.037243,134.890666,3405.089,0,34.037507,134.891089,3405.1378,0,34.037771,134.891513,3405.1867,0,34.038035,134.891937,3405.2355,0,34.038299,134.89236,3405.2844,0,34.038563,134.892784,3405.3332,0,34.038827,134.893208,3405.3821,0,34.039091,134.893631,3405.4309,0,34.039355,134.894055,3405.4798,0,34.039619,134.894479,3405.5286,0,34.039883,134.894902,3405.5775,0,34.040147,134.895326,3405.6263,0,34.040411,134.89575,3405.6752,0,34.040675,134.896173,3405.724,0,34.040939,134.896597,3405.7729,0,34.041203,134.897021,3405.8217,0,34.041467,134.897445,3405.8705,0,34.041731,134.897868,3405.9194,0,34.041995,134.898292,3405.9682,0,34.042259,134.898716,3406.0171,0,34.042523,134.899139,3406.0659,0,34.042787,134.899563,3406.1148,0,34.043051,134.899987,3406.1636,0,34.043315,134.90041,3406.2124,0,34.043579,134.900834,3406.2613,0,34.043843,134.901258,3406.3101,0,34.044107,134.901681,3406.359,0,34.044371,134.902105,3406.4078,0,34.044635,134.902529,3406.4566,0,34.044899,134.902952,3406.5055,0,34.045163,134.903376,3406.5543,0,34.045427,134.9038,3406.6032,0,34.045691,134.904223,3406.652,0,34.045955,134.904647,3406.7008,0,34.046219,134.905071,3406.7497,0,34.046483,134.905495,3406.7985,0,34.046747,134.905918,3406.8474,0,34.047011,134.906342,3406.8962,0,34.047274,134.906766,3406.945,0,34.047538,134.907189,3406.9939,0,34.047802,134.907613,3407.0427,0,34.048066,134.908037,3407.0915,0,34.04833,134.90846,3407.1404,0,34.048594,134.908884,3407.1892,0,34.048858,134.909308,3407.2381,0,34.049122,134.909731,3407.2869,0,34.049386,134.910155,3407.3357,0,34.04965,134.910579,3407.3846,0,34.049914,134.911002,3407.4334,0,34.050178,134.911426,3407.4822,0,34.050442,134.91185,3407.5311,0,34.050705,134.912273,3407.5799,0,34.050969,134.912697,3407.6287,0,34.051233,134.913121,3407.6776,0,34.051497,134.913545,3407.7264,0,34.051761,134.913968,3407.7752,0,34.052025,134.914392,3407.8241,0,34.052289,134.914816,3407.8729,0,34.052553,134.915239,3407.9217,0,34.052817,134.915663,3407.9706,0,34.05308,134.916087,3408.0194,0,34.053344,134.91651,3408.0682,0,34.053608,134.916934,3408.117,0,34.053872,134.917358,3408.1659,0,34.054136,134.917781,3408.2147,0,34.0544,134.918205,3408.2635,0,34.054664,134.918629,3408.3124,0,34.054927,134.919052,3408.3612,0,34.055191,134.919476,3408.41,0,34.055455,134.9199,3408.4588,0,34.055719,134.920324,3408.5077,0,34.055983,134.920747,3408.5565,0,34.056247,134.921171,3408.6053,0,34.05651,134.921595,3408.6542,0,34.056774,134.922018,3408.703,0,34.057038,134.922442,3408.7518,0,34.057302,134.922866,3408.8006,0,34.057566,134.923289,3408.8495,0,34.05783,134.923713,3408.8983,0,34.058093,134.924137,3408.9471,0,34.058357,134.92456,3408.9959,0,34.058621,134.924984,3409.0448,0,34.058885,134.925408,3409.0936,0,34.059149,134.925831,3409.1424,0,34.059412,134.926255,3409.1912,0,34.059676,134.926679,3409.2401,0,34.05994,134.927102,3409.2889,0,34.060204,134.927526,3409.3377,0,34.060468,134.92795,3409.3865,0,34.060731,134.928374,3409.4353,0,34.060995,134.928797,3409.4842,0,34.061259,134.929221,3409.533,0,34.061523,134.929645,3409.5818,0,34.061786,134.930068,3409.6306,0,34.06205,134.930492,3409.6795,0,34.062314,134.930916,3409.7283,0,34.062578,134.931339,3409.7771,0,34.062842,134.931763,3409.8259,0,34.063105,134.932187,3409.8747,0,34.063369,134.93261,3409.9236,0,34.063633,134.933034,3409.9724,0,34.063897,134.933458,3410.0212,0,34.06416,134.933881,3410.07,0,34.064424,134.934305,3410.1188,0,34.064688,134.934729,3410.1676,0,34.064951,134.935152,3410.2165,0,34.065215,134.935576,3410.2653,0,34.065479,134.936,3410.3141,0,34.065743,134.936424,3410.3629,0,34.066006,134.936847,3410.4117,0,34.06627,134.937271,3410.4605,0,34.066534,134.937695,3410.5094,0,34.066797,134.938118,3410.5582,0,34.067061,134.938542,3410.607,0,34.067325,134.938966,3410.6558,0,34.067589,134.939389,3410.7046,0,34.067852,134.939813,3410.7534,0,34.068116,134.940237,3410.8022,0,34.06838,134.94066,3410.8511,0,34.068643,134.941084,3410.8999,0,34.068907,134.941508,3410.9487,0,34.069171,134.941931,3410.9975,0,34.069434,134.942355,3411.0463,0,34.069698,134.942779,3411.0951,0,34.069962,134.943202,3411.1439,0,34.070225,134.943626,3411.1927,0,34.070489,134.94405,3411.2415,0,34.070753,134.944474,3411.2904,0,34.071016,134.944897,3411.3392,0,34.07128,134.945321,3411.388,0,34.071544,134.945745,3411.4368,0,34.071807,134.946168,3411.4856,0,34.072071,134.946592,3411.5344,0,34.072335,134.947016,3411.5832,0,34.072598,134.947439,3411.632,0,34.072862,134.947863,3411.6808,0,34.073126,134.948287,3411.7296,0,34.073389,134.94871,3411.7784,0,34.073653,134.949134,3411.8273,0,34.073917,134.949558,3411.8761,0,34.07418,134.949981,3411.9249,0,34.074444,134.950405,3411.9737,0,34.074707,134.950829,3412.0225,0,34.074971,134.951252,3412.0713,0,34.075235,134.951676,3412.1201,0,34.075498,134.9521,3412.1689,0,34.075762,134.952524,3412.2177,0,34.076025,134.952947,3412.2665,0,34.076289,134.953371,3412.3153,0,34.076553,134.953795,3412.3641,0,34.076816,134.954218,3412.4129,0,34.07708,134.954642,3412.4617,0,34.077343,134.955066,3412.5105,0,34.077607,134.955489,3412.5593,0,34.077871,134.955913,3412.6081,0,34.078134,134.956337,3412.6569,0,34.078398,134.95676,3412.7057,0,34.078661,134.957184,3412.7545,0,34.078925,134.957608,3412.8033,0,34.079188,134.958031,3412.8521,0,34.079452,134.958455,3412.9009,0,34.079716,134.958879,3412.9497,0,34.079979,134.959302,3412.9985,0,34.080243,134.959726,3413.0473,0,34.080506,134.96015,3413.0961,0,34.08077,134.960574,3413.1449,0,34.081033,134.960997,3413.1937,0,34.081297,134.961421,3413.2425,0,34.08156,134.961845,3413.2913,0,34.081824,134.962268,3413.3401,0,34.082087,134.962692,3413.3889,0,34.082351,134.963116,3413.4377,0,34.082615,134.963539,3413.4865,0,34.082878,134.963963,3413.5353,0,34.083142,134.964387,3413.5841,0,34.083405,134.96481,3413.6329,0,34.083669,134.965234,3413.6817,0,34.083932,134.965658,3413.7305,0,34.084196,134.966081,3413.7793,0,34.084459,134.966505,3413.8281,0,34.084723,134.966929,3413.8769,0,34.084986,134.967352,3413.9257,0,34.08525,134.967776,3413.9745,0,34.085513,134.9682,3414.0233,0,34.085777,134.968624,3414.0721,0,34.08604,134.969047,3414.1208,0,34.086304,134.969471,3414.1696,0,34.086567,134.969895,3414.2184,0,34.086831,134.970318,3414.2672,0,34.087094,134.970742,3414.316,0,34.087357,134.971166,3414.3648,0,34.087621,134.971589,3414.4136,0,34.087884,134.972013,3414.4624,0,34.088148,134.972437,3414.5112,0,34.088411,134.97286,3414.56,0,34.088675,134.973284,3414.6088,0,34.088938,134.973708,3414.6575,0,34.089202,134.974131,3414.7063,0,34.089465,134.974555,3414.7551,0,34.089729,134.974979,3414.8039,0,34.089992,134.975402,3414.8527,0,34.090255,134.975826,3414.9015,0,34.090519,134.97625,3414.9503,0,34.090782,134.976674,3414.9991,0,34.091046,134.977097,3415.0478,0,34.091309,134.977521,3415.0966,0,34.091573,134.977945,3415.1454,0,34.091836,134.978368,3415.1942,0,34.092099,134.978792,3415.243,0,34.092363,134.979216,3415.2918,0,34.092626,134.979639,3415.3406,0,34.09289,134.980063,3415.3894,0,34.093153,134.980487,3415.4381,0,34.093416,134.98091,3415.4869,0,34.09368,134.981334,3415.5357,0,34.093943,134.981758,3415.5845,0,34.094207,134.982181,3415.6333,0,34.09447,134.982605,3415.6821,0,34.094733,134.983029,3415.7308,0,34.094997,134.983452,3415.7796,0,34.09526,134.983876,3415.8284,0,34.095523,134.9843,3415.8772,0,34.095787,134.984724,3415.926,0,34.09605,134.985147,3415.9747,0,34.096314,134.985571,3416.0235,0,34.096577,134.985995,3416.0723,0,34.09684,134.986418,3416.1211,0,34.097104,134.986842,3416.1699,0,34.097367,134.987266,3416.2186,0,34.09763,134.987689,3416.2674,0,34.097894,134.988113,3416.3162,0,34.098157,134.988537,3416.365,0,34.09842,134.98896,3416.4138,0,34.098684,134.989384,3416.4625,0,34.098947,134.989808,3416.5113,0,34.09921,134.990231,3416.5601,0,34.099474,134.990655,3416.6089,0,34.099737,134.991079,3416.6577,0,34.1,134.991502,3416.7064,0,34.100264,134.991926,3416.7552,0,34.100527,134.99235,3416.804,0,34.10079,134.992774,3416.8528,0,34.101054,134.993197,3416.9015,0,34.101317,134.993621,3416.9503,0,34.10158,134.994045,3416.9991,0,34.101844,134.994468,3417.0479,0,34.102107,134.994892,3417.0966,0,34.10237,134.995316,3417.1454,0,34.102633,134.995739,3417.1942,0,34.102897,134.996163,3417.243,0,34.10316,134.996587,3417.2917,0,34.103423,134.99701,3417.3405,0,34.103687,134.997434,3417.3893,0,34.10395,134.997858,3417.438,0,34.104213,134.998281,3417.4868,0,34.104476,134.998705,3417.5356,0,34.10474,134.999129,3417.5844,0,34.105003,134.999553,3417.6331,0,34.105266,134.999976,3417.6819,0,34.105529,135.0004,3417.7307,0,34.105793,135.000824,3417.7794,0,34.106056,135.001247,3417.8282,0,34.106319,135.001671,3417.877,0,34.106582,135.002095,3417.9257,0,34.106846,135.002518,3417.9745,0,34.107109,135.002942,3418.0233,0,34.107372,135.003366,3418.0721,0,34.107635,135.003789,3418.1208,0,34.107899,135.004213,3418.1696,0,34.108162,135.004637,3418.2184,0,34.108425,135.00506,3418.2671,0,34.108688,135.005484,3418.3159,0,34.108951,135.005908,3418.3647,0,34.109215,135.006331,3418.4134,0,34.109478,135.006755,3418.4622,0,34.109741,135.007179,3418.511,0,34.110004,135.007603,3418.5597,0,34.110267,135.008026,3418.6085,0,34.110531,135.00845,3418.6572,0,34.110794,135.008874,3418.706,0,34.111057,135.009297,3418.7548,0,34.11132,135.009721,3418.8035,0,34.111583,135.010145,3418.8523,0,34.111847,135.010568,3418.9011,0,34.11211,135.010992,3418.9498,0,34.112373,135.011416,3418.9986,0,34.112636,135.011839,3419.0474,0,34.112899,135.012263,3419.0961,0,34.113162,135.012687,3419.1449,0,34.113426,135.01311,3419.1936,0,34.113689,135.013534,3419.2424,0,34.113952,135.013958,3419.2912,0,34.114215,135.014381,3419.3399,0,34.114478,135.014805,3419.3887,0,34.114741,135.015229,3419.4374,0,34.115005,135.015653,3419.4862,0,34.115268,135.016076,3419.535,0,34.115531,135.0165,3419.5837,0,34.115794,135.016924,3419.6325,0,34.116057,135.017347,3419.6812,0,34.11632,135.017771,3419.73,0,34.116583,135.018195,3419.7788,0,34.116847,135.018618,3419.8275,0,34.11711,135.019042,3419.8763,0,34.117373,135.019466,3419.925,0,34.117636,135.019889,3419.9738,0,34.117899,135.020313,3420.0225,0,34.118162,135.020737,3420.0713,0,34.118425,135.02116,3420.12,0,34.118688,135.021584,3420.1688,0,34.118951,135.022008,3420.2176,0,34.119214,135.022431,3420.2663,0,34.119478,135.022855,3420.3151,0,34.119741,135.023279,3420.3638,0,34.120004,135.023703,3420.4126,0,34.120267,135.024126,3420.4613,0,34.12053,135.02455,3420.5101,0,34.120793,135.024974,3420.5588,0,34.121056,135.025397,3420.6076,0,34.121319,135.025821,3420.6563,0,34.121582,135.026245,3420.7051,0,34.121845,135.026668,3420.7538,0,34.122108,135.027092,3420.8026,0,34.122371,135.027516,3420.8513,0,34.122634,135.027939,3420.9001,0,34.122897,135.028363,3420.9488,0,34.123161,135.028787,3420.9976,0,34.123424,135.02921,3421.0463,0,34.123687,135.029634,3421.0951,0,34.12395,135.030058,3421.1438,0,34.124213,135.030481,3421.1926,0,34.124476,135.030905,3421.2413,0,34.124739,135.031329,3421.2901,0,34.125002,135.031753,3421.3388,0,34.125265,135.032176,3421.3876,0,34.125528,135.0326,3421.4363,0,34.125791,135.033024,3421.4851,0,34.126054,135.033447,3421.5338,0,34.126317,135.033871,3421.5826,0,34.12658,135.034295,3421.6313,0,34.126843,135.034718,3421.6801,0,34.127106,135.035142,3421.7288,0,34.127369,135.035566,3421.7776,0,34.127632,135.035989,3421.8263,0,34.127895,135.036413,3421.875,0,34.128158,135.036837,3421.9238,0,34.128421,135.03726,3421.9725,0,34.128684,135.037684,3422.0213,0,34.128947,135.038108,3422.07,0,34.12921,135.038531,3422.1188,0,34.129473,135.038955,3422.1675,0,34.129736,135.039379,3422.2162,0,34.129999,135.039803,3422.265,0,34.130262,135.040226,3422.3137,0,34.130525,135.04065,3422.3625,0,34.130788,135.041074,3422.4112,0,34.131051,135.041497,3422.46,0,34.131314,135.041921,3422.5087,0,34.131576,135.042345,3422.5574,0,34.131839,135.042768,3422.6062,0,34.132102,135.043192,3422.6549,0,34.132365,135.043616,3422.7037,0,34.132628,135.044039,3422.7524,0,34.132891,135.044463,3422.8011,0,34.133154,135.044887,3422.8499,0,34.133417,135.04531,3422.8986,0,34.13368,135.045734,3422.9473,0,34.133943,135.046158,3422.9961,0,34.134206,135.046581,3423.0448,0,34.134469,135.047005,3423.0936,0,34.134732,135.047429,3423.1423,0,34.134995,135.047853,3423.191,0,34.135257,135.048276,3423.2398,0,34.13552,135.0487,3423.2885,0,34.135783,135.049124,3423.3372,0,34.136046,135.049547,3423.386,0,34.136309,135.049971,3423.4347,0,34.136572,135.050395,3423.4834,0,34.136835,135.050818,3423.5322,0,34.137098,135.051242,3423.5809,0,34.137361,135.051666,3423.6296,0,34.137624,135.052089,3423.6784,0,34.137886,135.052513,3423.7271,0,34.138149,135.052937,3423.7758,0,34.138412,135.05336,3423.8246,0,34.138675,135.053784,3423.8733,0,34.138938,135.054208,3423.922,0,34.139201,135.054631,3423.9708,0,34.139464,135.055055,3424.0195,0,34.139726,135.055479,3424.0682,0,34.139989,135.055903,3424.117,0,34.140252,135.056326,3424.1657,0,34.140515,135.05675,3424.2144,0,34.140778,135.057174,3424.2632,0,34.141041,135.057597,3424.3119,0,34.141303,135.058021,3424.3606,0,34.141566,135.058445,3424.4093,0,34.141829,135.058868,3424.4581,0,34.142092,135.059292,3424.5068,0,34.142355,135.059716,3424.5555,0,34.142618,135.060139,3424.6043,0,34.14288,135.060563,3424.653,0,34.143143,135.060987,3424.7017,0,34.143406,135.06141,3424.7504,0,34.143669,135.061834,3424.7992,0,34.143932,135.062258,3424.8479,0,34.144194,135.062681,3424.8966,0,34.144457,135.063105,3424.9453,0,34.14472,135.063529,3424.9941,0,34.144983,135.063953,3425.0428,0,34.145246,135.064376,3425.0915,0,34.145508,135.0648,3425.1402,0,34.145771,135.065224,3425.189,0,34.146034,135.065647,3425.2377,0,34.146297,135.066071,3425.2864,0,34.14656,135.066495,3425.3351,0,34.146822,135.066918,3425.3839,0,34.147085,135.067342,3425.4326,0,34.147348,135.067766,3425.4813,0,34.147611,135.068189,3425.53,0,34.147873,135.068613,3425.5787,0,34.148136,135.069037,3425.6275,0,34.148399,135.06946,3425.6762,0,34.148662,135.069884,3425.7249,0,34.148924,135.070308,3425.7736,0,34.149187,135.070732,3425.8223,0,34.14945,135.071155,3425.8711,0,34.149713,135.071579,3425.9198,0,34.149975,135.072003,3425.9685,0,34.150238,135.072426,3426.0172,0,34.150501,135.07285,3426.0659,0,34.150764,135.073274,3426.1147,0,34.151026,135.073697,3426.1634,0,34.151289,135.074121,3426.2121,0,34.151552,135.074545,3426.2608,0,34.151814,135.074968,3426.3095,0,34.152077,135.075392,3426.3582,0,34.15234,135.075816,3426.407,0,34.152603,135.076239,3426.4557,0,34.152865,135.076663,3426.5044,0,34.153128,135.077087,3426.5531,0,34.153391,135.07751,3426.6018,0,34.153653,135.077934,3426.6505,0,34.153916,135.078358,3426.6993,0,34.154179,135.078782,3426.748,0,34.154441,135.079205,3426.7967,0,34.154704,135.079629,3426.8454,0,34.154967,135.080053,3426.8941,0,34.155229,135.080476,3426.9428,0,34.155492,135.0809,3426.9915,0,34.155755,135.081324,3427.0402,0,34.156017,135.081747,3427.089,0,34.15628,135.082171,3427.1377,0,34.156543,135.082595,3427.1864,0,34.156805,135.083018,3427.2351,0,34.157068,135.083442,3427.2838,0,34.157331,135.083866,3427.3325,0,34.157593,135.084289,3427.3812,0,34.157856,135.084713,3427.4299,0,34.158119,135.085137,3427.4786,0,34.158381,135.08556,3427.5274,0,34.158644,135.085984,3427.5761,0,34.158906,135.086408,3427.6248,0,34.159169,135.086832,3427.6735,0,34.159432,135.087255,3427.7222,0,34.159694,135.087679,3427.7709,0,34.159957,135.088103,3427.8196,0,34.16022,135.088526,3427.8683,0,34.160482,135.08895,3427.917,0,34.160745,135.089374,3427.9657,0,34.161007,135.089797,3428.0144,0,34.16127,135.090221,3428.0631,0,34.161533,135.090645,3428.1118,0,34.161795,135.091068,3428.1605,0,34.162058,135.091492,3428.2093,0,34.16232,135.091916,3428.258,0,34.162583,135.092339,3428.3067,0,34.162846,135.092763,3428.3554,0,34.163108,135.093187,3428.4041,0,34.163371,135.09361,3428.4528,0,34.163633,135.094034,3428.5015,0,34.163896,135.094458,3428.5502,0,34.164158,135.094882,3428.5989,0,34.164421,135.095305,3428.6476,0,34.164684,135.095729,3428.6963,0,34.164946,135.096153,3428.745,0,34.165209,135.096576,3428.7937,0,34.165471,135.097,3428.8424,0,34.165734,135.097424,3428.8911,0,34.165996,135.097847,3428.9398,0,34.166259,135.098271,3428.9885,0,34.166521,135.098695,3429.0372,0,34.166784,135.099118,3429.0859,0,34.167046,135.099542,3429.1346,0,34.167309,135.099966,3429.1833,0,34.167571,135.100389,3429.232,0,34.167834,135.100813,3429.2807,0,34.168097,135.101237,3429.3294,0,34.168359,135.10166,3429.3781,0,34.168622,135.102084,3429.4268,0,34.168884,135.102508,3429.4755,0,34.169147,135.102932,3429.5242,0,34.169409,135.103355,3429.5729,0,34.169672,135.103779,3429.6216,0,34.169934,135.104203,3429.6703,0,34.170197,135.104626,3429.719,0,34.170459,135.10505,3429.7677,0,34.170722,135.105474,3429.8164,0,34.170984,135.105897,3429.865,0,34.171247,135.106321,3429.9137,0,34.171509,135.106745,3429.9624,0,34.171772,135.107168,3430.0111,0,34.172034,135.107592,3430.0598,0,34.172296,135.108016,3430.1085,0,34.172559,135.108439,3430.1572,0,34.172821,135.108863,3430.2059,0,34.173084,135.109287,3430.2546,0,34.173346,135.10971,3430.3033,0,34.173609,135.110134,3430.352,0,34.173871,135.110558,3430.4007,0,34.174134,135.110982,3430.4494,0,34.174396,135.111405,3430.4981,0,34.174659,135.111829,3430.5467,0,34.174921,135.112253,3430.5954,0,34.175183,135.112676,3430.6441,0,34.175446,135.1131,3430.6928,0,34.175708,135.113524,3430.7415,0,34.175971,135.113947,3430.7902,0,34.176233,135.114371,3430.8389,0,34.176496,135.114795,3430.8876,0,34.176758,135.115218,3430.9363,0,34.17702,135.115642,3430.9849,0,34.177283,135.116066,3431.0336,0,34.177545,135.116489,3431.0823,0,34.177808,135.116913,3431.131,0,34.17807,135.117337,3431.1797,0,34.178332,135.11776,3431.2284,0,34.178595,135.118184,3431.2771,0,34.178857,135.118608,3431.3258,0,34.17912,135.119032,3431.3744,0,34.179382,135.119455,3431.4231,0,34.179644,135.119879,3431.4718,0,34.179907,135.120303,3431.5205,0,34.180169,135.120726,3431.5692,0,34.180432,135.12115,3431.6179,0,34.180694,135.121574,3431.6665,0,34.180956,135.121997,3431.7152,0,34.181219,135.122421,3431.7639,0,34.181481,135.122845,3431.8126,0,34.181743,135.123268,3431.8613,0,34.182006,135.123692,3431.91,0,34.182268,135.124116,3431.9586,0,34.18253,135.124539,3432.0073,0,34.182793,135.124963,3432.056,0,34.183055,135.125387,3432.1047,0,34.183317,135.12581,3432.1534,0,34.18358,135.126234,3432.202,0,34.183842,135.126658,3432.2507,0,34.184104,135.127082,3432.2994,0,34.184367,135.127505,3432.3481,0,34.184629,135.127929,3432.3968,0,34.184891,135.128353,3432.4454,0,34.185154,135.128776,3432.4941,0,34.185416,135.1292,3432.5428,0,34.185678,135.129624,3432.5915,0,34.185941,135.130047,3432.6402,0,34.186203,135.130471,3432.6888,0,34.186465,135.130895,3432.7375,0,34.186728,135.131318,3432.7862,0,34.18699,135.131742,3432.8349,0,34.187252,135.132166,3432.8835,0,34.187515,135.132589,3432.9322,0,34.187777,135.133013,3432.9809,0,34.188039,135.133437,3433.0296,0,34.188301,135.13386,3433.0782,0,34.188564,135.134284,3433.1269,0,34.188826,135.134708,3433.1756,0.61657,34.189088,135.135132,3433.2243,3.106,34.18935,135.135555,3433.2729,5.5247,34.189613,135.135979,3433.3216,6.4476,34.189875,135.136403,3433.3703,6.2338,34.190137,135.136826,3433.419,4.2001,34.1904,135.13725,3433.4676,2.3748,34.190662,135.137674,3433.5163,0.75711,34.190924,135.138097,3433.565,0,34.191186,135.138521,3433.6136,0,34.191449,135.138945,3433.6623,0,34.191711,135.139368,3433.711,0,34.191973,135.139792,3433.7597,2.6256,34.192235,135.140216,3433.8083,9.9545,34.192497,135.140639,3433.857,19.7231,34.19276,135.141063,3433.9057,24.8308,34.193022,135.141487,3433.9543,23.4283,34.193284,135.141911,3434.003,17.6988,34.193546,135.142334,3434.0517,14.7875,34.193809,135.142758,3434.1003,11.8241,34.194071,135.143182,3434.149,9.8968,34.194333,135.143605,3434.1977,8.1244,34.194595,135.144029,3434.2463,3.561,34.194857,135.144453,3434.295,0.85642,34.19512,135.144876,3434.3437,0.34676,34.195382,135.1453,3434.3923,0.029894,34.195644,135.145724,3434.441,0,34.195906,135.146147,3434.4897,0,34.196168,135.146571,3434.5383,0,34.196431,135.146995,3434.587,0,34.196693,135.147418,3434.6357,0,34.196955,135.147842,3434.6843,0,34.197217,135.148266,3434.733,0,34.197479,135.148689,3434.7817,0,34.197742,135.149113,3434.8303,0,34.198004,135.149537,3434.879,0,34.198266,135.149961,3434.9277,0.46103,34.198528,135.150384,3434.9763,0.96945,34.19879,135.150808,3435.025,1,34.199052,135.151232,3435.0737,0.82749,34.199314,135.151655,3435.1223,0.9948,34.199577,135.152079,3435.171,1.8059,34.199839,135.152503,3435.2196,2.1239,34.200101,135.152926,3435.2683,2.8365,34.200363,135.15335,3435.317,1.9148,34.200625,135.153774,3435.3656,0.12721,34.200887,135.154197,3435.4143,0.55187,34.201149,135.154621,3435.4629,0.69391,34.201412,135.155045,3435.5116,1.0037,34.201674,135.155468,3435.5603,1.1182,34.201936,135.155892,3435.6089,1.7888,34.202198,135.156316,3435.6576,2.2184,34.20246,135.156739,3435.7062,2.4994,34.202722,135.157163,3435.7549,2.3073,34.202984,135.157587,3435.8036,2.7674,34.203246,135.158011,3435.8522,3.6305,34.203509,135.158434,3435.9009,3.6111,34.203771,135.158858,3435.9495,3.84,34.204033,135.159282,3435.9982,2.9918,34.204295,135.159705,3436.0468,2.2084,34.204557,135.160129,3436.0955,2.4726,34.204819,135.160553,3436.1441,3.1653,34.205081,135.160976,3436.1928,3.8164,34.205343,135.1614,3436.2415,4.4958,34.205605,135.161824,3436.2901,5.39,34.205867,135.162247,3436.3388,5.7771,34.206129,135.162671,3436.3874,5.566,34.206391,135.163095,3436.4361,5.4722,34.206654,135.163518,3436.4847,6.2428,34.206916,135.163942,3436.5334,6.4793,34.207178,135.164366,3436.582,6.1264,34.20744,135.164789,3436.6307,6.4496,34.207702,135.165213,3436.6793,7.1031,34.207964,135.165637,3436.728,7.1641,34.208226,135.166061,3436.7766,7.5158,34.208488,135.166484,3436.8253,8.7893,34.20875,135.166908,3436.8739,10.241,34.209012,135.167332,3436.9226,10.0312,34.209274,135.167755,3436.9713,8.8348,34.209536,135.168179,3437.0199,8.6794,34.209798,135.168603,3437.0686,8.9522,34.21006,135.169026,3437.1172,8.4049,34.210322,135.16945,3437.1659,8.0453,34.210584,135.169874,3437.2145,7.3281,34.210846,135.170297,3437.2631,7.4999,34.211108,135.170721,3437.3118,8.8428,34.21137,135.171145,3437.3604,9.9075,34.211632,135.171568,3437.4091,8.8753,34.211894,135.171992,3437.4577,8.3,34.212156,135.172416,3437.5064,8.7637,34.212418,135.172839,3437.555,9.198,34.21268,135.173263,3437.6037,9.5306,34.212942,135.173687,3437.6523,9.845,34.213204,135.174111,3437.701,9.6812,34.213466,135.174534,3437.7496,9.0524,34.213728,135.174958,3437.7983,7.9658,34.21399,135.175382,3437.8469,6.9346,34.214252,135.175805,3437.8956,6.0295,34.214514,135.176229,3437.9442,5.7403,34.214776,135.176653,3437.9928,4.1242,34.215038,135.177076,3438.0415,3.08,34.2153,135.1775,3